{
 "cells": [
  {
   "cell_type": "code",
   "execution_count": 1,
   "metadata": {},
   "outputs": [],
   "source": [
    "import numpy as np\n",
    "import pandas as pd\n",
    "from starfish.plot import *"
   ]
  },
  {
   "cell_type": "code",
   "execution_count": 2,
   "metadata": {},
   "outputs": [
    {
     "data": {
      "text/plain": [
       "[0.32, 0.049, 0.67, 0.96, 0.81, 0.06, 3.044, -1, 0]"
      ]
     },
     "execution_count": 2,
     "metadata": {},
     "output_type": "execute_result"
    }
   ],
   "source": [
    "from starfish.set import settings\n",
    "settings.cosmo_value"
   ]
  },
  {
   "cell_type": "code",
   "execution_count": 3,
   "metadata": {},
   "outputs": [],
   "source": [
    "def var_filter(fisher,lcdm,neff_fixed):\n",
    "    df=fisher.copy()\n",
    "    if lcdm:\n",
    "        df=df.drop('w0',axis=0)\n",
    "        df=df.drop('w0',axis=1)\n",
    "        df=df.drop('wa',axis=0)\n",
    "        df=df.drop('wa',axis=1)\n",
    "    if neff_fixed:\n",
    "        df=df.drop('N_eff',axis=0)\n",
    "        df=df.drop('N_eff',axis=1)\n",
    "\n",
    "    return df"
   ]
  },
  {
   "cell_type": "markdown",
   "metadata": {},
   "source": [
    "# nuisance parameters of different tracers/surveys should be independent of each other"
   ]
  },
  {
   "cell_type": "code",
   "execution_count": 4,
   "metadata": {},
   "outputs": [],
   "source": [
    "DESI_multi=var_filter(pd.read_excel('../data/DESI_all/valid.xlsx',header=0,index_col=0),lcdm=False,neff_fixed=False)\n",
    "cov=pd.DataFrame(np.linalg.inv(DESI_multi.values),index=DESI_multi.index,columns=DESI_multi.columns)\n",
    "DESI_multi_valid=np.linalg.inv(cov.iloc[:settings.cosmo_num,:settings.cosmo_num].values)"
   ]
  },
  {
   "cell_type": "markdown",
   "metadata": {},
   "source": [
    "# CMB-S4 + LiteBIRD + DESI multitracer"
   ]
  },
  {
   "cell_type": "code",
   "execution_count": 5,
   "metadata": {},
   "outputs": [
    {
     "data": {
      "application/vnd.microsoft.datawrangler.viewer.v0+json": {
       "columns": [
        {
         "name": "index",
         "rawType": "object",
         "type": "string"
        },
        {
         "name": "omega_m0",
         "rawType": "float64",
         "type": "float"
        },
        {
         "name": "omega_b0",
         "rawType": "float64",
         "type": "float"
        },
        {
         "name": "h",
         "rawType": "float64",
         "type": "float"
        },
        {
         "name": "n_s",
         "rawType": "float64",
         "type": "float"
        },
        {
         "name": "sigma_8",
         "rawType": "float64",
         "type": "float"
        },
        {
         "name": "m_nu",
         "rawType": "float64",
         "type": "float"
        },
        {
         "name": "N_eff",
         "rawType": "float64",
         "type": "float"
        },
        {
         "name": "tau",
         "rawType": "float64",
         "type": "float"
        },
        {
         "name": "w0",
         "rawType": "float64",
         "type": "float"
        },
        {
         "name": "wa",
         "rawType": "float64",
         "type": "float"
        }
       ],
       "conversionMethod": "pd.DataFrame",
       "ref": "16818655-a4a2-460b-a5e8-998f7699672c",
       "rows": [
        [
         "omega_m0",
         "185128827.2032204",
         "-692898147.965669",
         "137105704.1822474",
         "-4740935.5909728",
         "-57824336.49902042",
         "-12447147.39915775",
         "-6589565.032637624",
         "44850335.90973126",
         "1850758.676345401",
         "113623.7762489748"
        ],
        [
         "omega_b0",
         "-692898147.965669",
         "3023402063.7132",
         "-458354152.9478175",
         "32060982.8601459",
         "222609446.857868",
         "47145032.98248264",
         "23282304.91692092",
         "-171421945.9644465",
         "-7598366.941132234",
         "-577001.0976232829"
        ],
        [
         "h",
         "137105704.1822474",
         "-458354152.9478175",
         "112570195.9145628",
         "-1894717.528196103",
         "-38173852.29402938",
         "-7840065.595027551",
         "-5484485.3914593",
         "29626603.15036413",
         "3552607.696506803",
         "706066.2423816043"
        ],
        [
         "n_s",
         "-4740935.5909728",
         "32060982.8601459",
         "-1894717.528196103",
         "1046894.876764914",
         "1665062.528972976",
         "314995.9056964207",
         "112570.0547995077",
         "-1284038.782650934",
         "-136068.6251404728",
         "-25864.90841879048"
        ],
        [
         "sigma_8",
         "-57824336.49902042",
         "222609446.857868",
         "-38173852.29402937",
         "1665062.528972976",
         "22361670.04211807",
         "5252308.014423977",
         "1591678.691991868",
         "-17311887.25329487",
         "1719658.543695215",
         "615137.948390104"
        ],
        [
         "m_nu",
         "-12447147.39915775",
         "47145032.98248264",
         "-7840065.595027551",
         "314995.9056964208",
         "5252308.014423977",
         "1282974.971498364",
         "294682.0272687076",
         "-4090355.805696196",
         "636982.0494556346",
         "207844.8676078545"
        ],
        [
         "N_eff",
         "-6589565.032637624",
         "23282304.91692092",
         "-5484485.3914593",
         "112570.0547995077",
         "1591678.691991868",
         "294682.0272687076",
         "288494.3636698526",
         "-1230549.691288918",
         "-314171.6836654741",
         "-74443.62774460834"
        ],
        [
         "tau",
         "44850335.90973125",
         "-171421945.9644465",
         "29626603.15036413",
         "-1284038.782650934",
         "-17311887.25329487",
         "-4090355.805696196",
         "-1230549.691288918",
         "13743610.01478225",
         "-1374591.952840707",
         "-488745.1873570743"
        ],
        [
         "w0",
         "1850758.676345401",
         "-7598366.941132233",
         "3552607.696506803",
         "-136068.6251404728",
         "1719658.543695215",
         "636982.0494556346",
         "-314171.6836654741",
         "-1374591.952840707",
         "1329265.687606041",
         "371850.3956049974"
        ],
        [
         "wa",
         "113623.7762489748",
         "-577001.0976232829",
         "706066.2423816042",
         "-25864.90841879048",
         "615137.948390104",
         "207844.8676078545",
         "-74443.62774460834",
         "-488745.1873570743",
         "371850.3956049974",
         "104924.4609376661"
        ]
       ],
       "shape": {
        "columns": 10,
        "rows": 10
       }
      },
      "text/html": [
       "<div>\n",
       "<style scoped>\n",
       "    .dataframe tbody tr th:only-of-type {\n",
       "        vertical-align: middle;\n",
       "    }\n",
       "\n",
       "    .dataframe tbody tr th {\n",
       "        vertical-align: top;\n",
       "    }\n",
       "\n",
       "    .dataframe thead th {\n",
       "        text-align: right;\n",
       "    }\n",
       "</style>\n",
       "<table border=\"1\" class=\"dataframe\">\n",
       "  <thead>\n",
       "    <tr style=\"text-align: right;\">\n",
       "      <th></th>\n",
       "      <th>omega_m0</th>\n",
       "      <th>omega_b0</th>\n",
       "      <th>h</th>\n",
       "      <th>n_s</th>\n",
       "      <th>sigma_8</th>\n",
       "      <th>m_nu</th>\n",
       "      <th>N_eff</th>\n",
       "      <th>tau</th>\n",
       "      <th>w0</th>\n",
       "      <th>wa</th>\n",
       "    </tr>\n",
       "  </thead>\n",
       "  <tbody>\n",
       "    <tr>\n",
       "      <th>omega_m0</th>\n",
       "      <td>1.851288e+08</td>\n",
       "      <td>-6.928981e+08</td>\n",
       "      <td>1.371057e+08</td>\n",
       "      <td>-4.740936e+06</td>\n",
       "      <td>-5.782434e+07</td>\n",
       "      <td>-1.244715e+07</td>\n",
       "      <td>-6.589565e+06</td>\n",
       "      <td>4.485034e+07</td>\n",
       "      <td>1.850759e+06</td>\n",
       "      <td>113623.776249</td>\n",
       "    </tr>\n",
       "    <tr>\n",
       "      <th>omega_b0</th>\n",
       "      <td>-6.928981e+08</td>\n",
       "      <td>3.023402e+09</td>\n",
       "      <td>-4.583542e+08</td>\n",
       "      <td>3.206098e+07</td>\n",
       "      <td>2.226094e+08</td>\n",
       "      <td>4.714503e+07</td>\n",
       "      <td>2.328230e+07</td>\n",
       "      <td>-1.714219e+08</td>\n",
       "      <td>-7.598367e+06</td>\n",
       "      <td>-577001.097623</td>\n",
       "    </tr>\n",
       "    <tr>\n",
       "      <th>h</th>\n",
       "      <td>1.371057e+08</td>\n",
       "      <td>-4.583542e+08</td>\n",
       "      <td>1.125702e+08</td>\n",
       "      <td>-1.894718e+06</td>\n",
       "      <td>-3.817385e+07</td>\n",
       "      <td>-7.840066e+06</td>\n",
       "      <td>-5.484485e+06</td>\n",
       "      <td>2.962660e+07</td>\n",
       "      <td>3.552608e+06</td>\n",
       "      <td>706066.242382</td>\n",
       "    </tr>\n",
       "    <tr>\n",
       "      <th>n_s</th>\n",
       "      <td>-4.740936e+06</td>\n",
       "      <td>3.206098e+07</td>\n",
       "      <td>-1.894718e+06</td>\n",
       "      <td>1.046895e+06</td>\n",
       "      <td>1.665063e+06</td>\n",
       "      <td>3.149959e+05</td>\n",
       "      <td>1.125701e+05</td>\n",
       "      <td>-1.284039e+06</td>\n",
       "      <td>-1.360686e+05</td>\n",
       "      <td>-25864.908419</td>\n",
       "    </tr>\n",
       "    <tr>\n",
       "      <th>sigma_8</th>\n",
       "      <td>-5.782434e+07</td>\n",
       "      <td>2.226094e+08</td>\n",
       "      <td>-3.817385e+07</td>\n",
       "      <td>1.665063e+06</td>\n",
       "      <td>2.236167e+07</td>\n",
       "      <td>5.252308e+06</td>\n",
       "      <td>1.591679e+06</td>\n",
       "      <td>-1.731189e+07</td>\n",
       "      <td>1.719659e+06</td>\n",
       "      <td>615137.948390</td>\n",
       "    </tr>\n",
       "    <tr>\n",
       "      <th>m_nu</th>\n",
       "      <td>-1.244715e+07</td>\n",
       "      <td>4.714503e+07</td>\n",
       "      <td>-7.840066e+06</td>\n",
       "      <td>3.149959e+05</td>\n",
       "      <td>5.252308e+06</td>\n",
       "      <td>1.282975e+06</td>\n",
       "      <td>2.946820e+05</td>\n",
       "      <td>-4.090356e+06</td>\n",
       "      <td>6.369820e+05</td>\n",
       "      <td>207844.867608</td>\n",
       "    </tr>\n",
       "    <tr>\n",
       "      <th>N_eff</th>\n",
       "      <td>-6.589565e+06</td>\n",
       "      <td>2.328230e+07</td>\n",
       "      <td>-5.484485e+06</td>\n",
       "      <td>1.125701e+05</td>\n",
       "      <td>1.591679e+06</td>\n",
       "      <td>2.946820e+05</td>\n",
       "      <td>2.884944e+05</td>\n",
       "      <td>-1.230550e+06</td>\n",
       "      <td>-3.141717e+05</td>\n",
       "      <td>-74443.627745</td>\n",
       "    </tr>\n",
       "    <tr>\n",
       "      <th>tau</th>\n",
       "      <td>4.485034e+07</td>\n",
       "      <td>-1.714219e+08</td>\n",
       "      <td>2.962660e+07</td>\n",
       "      <td>-1.284039e+06</td>\n",
       "      <td>-1.731189e+07</td>\n",
       "      <td>-4.090356e+06</td>\n",
       "      <td>-1.230550e+06</td>\n",
       "      <td>1.374361e+07</td>\n",
       "      <td>-1.374592e+06</td>\n",
       "      <td>-488745.187357</td>\n",
       "    </tr>\n",
       "    <tr>\n",
       "      <th>w0</th>\n",
       "      <td>1.850759e+06</td>\n",
       "      <td>-7.598367e+06</td>\n",
       "      <td>3.552608e+06</td>\n",
       "      <td>-1.360686e+05</td>\n",
       "      <td>1.719659e+06</td>\n",
       "      <td>6.369820e+05</td>\n",
       "      <td>-3.141717e+05</td>\n",
       "      <td>-1.374592e+06</td>\n",
       "      <td>1.329266e+06</td>\n",
       "      <td>371850.395605</td>\n",
       "    </tr>\n",
       "    <tr>\n",
       "      <th>wa</th>\n",
       "      <td>1.136238e+05</td>\n",
       "      <td>-5.770011e+05</td>\n",
       "      <td>7.060662e+05</td>\n",
       "      <td>-2.586491e+04</td>\n",
       "      <td>6.151379e+05</td>\n",
       "      <td>2.078449e+05</td>\n",
       "      <td>-7.444363e+04</td>\n",
       "      <td>-4.887452e+05</td>\n",
       "      <td>3.718504e+05</td>\n",
       "      <td>104924.460938</td>\n",
       "    </tr>\n",
       "  </tbody>\n",
       "</table>\n",
       "</div>"
      ],
      "text/plain": [
       "              omega_m0      omega_b0             h           n_s  \\\n",
       "omega_m0  1.851288e+08 -6.928981e+08  1.371057e+08 -4.740936e+06   \n",
       "omega_b0 -6.928981e+08  3.023402e+09 -4.583542e+08  3.206098e+07   \n",
       "h         1.371057e+08 -4.583542e+08  1.125702e+08 -1.894718e+06   \n",
       "n_s      -4.740936e+06  3.206098e+07 -1.894718e+06  1.046895e+06   \n",
       "sigma_8  -5.782434e+07  2.226094e+08 -3.817385e+07  1.665063e+06   \n",
       "m_nu     -1.244715e+07  4.714503e+07 -7.840066e+06  3.149959e+05   \n",
       "N_eff    -6.589565e+06  2.328230e+07 -5.484485e+06  1.125701e+05   \n",
       "tau       4.485034e+07 -1.714219e+08  2.962660e+07 -1.284039e+06   \n",
       "w0        1.850759e+06 -7.598367e+06  3.552608e+06 -1.360686e+05   \n",
       "wa        1.136238e+05 -5.770011e+05  7.060662e+05 -2.586491e+04   \n",
       "\n",
       "               sigma_8          m_nu         N_eff           tau  \\\n",
       "omega_m0 -5.782434e+07 -1.244715e+07 -6.589565e+06  4.485034e+07   \n",
       "omega_b0  2.226094e+08  4.714503e+07  2.328230e+07 -1.714219e+08   \n",
       "h        -3.817385e+07 -7.840066e+06 -5.484485e+06  2.962660e+07   \n",
       "n_s       1.665063e+06  3.149959e+05  1.125701e+05 -1.284039e+06   \n",
       "sigma_8   2.236167e+07  5.252308e+06  1.591679e+06 -1.731189e+07   \n",
       "m_nu      5.252308e+06  1.282975e+06  2.946820e+05 -4.090356e+06   \n",
       "N_eff     1.591679e+06  2.946820e+05  2.884944e+05 -1.230550e+06   \n",
       "tau      -1.731189e+07 -4.090356e+06 -1.230550e+06  1.374361e+07   \n",
       "w0        1.719659e+06  6.369820e+05 -3.141717e+05 -1.374592e+06   \n",
       "wa        6.151379e+05  2.078449e+05 -7.444363e+04 -4.887452e+05   \n",
       "\n",
       "                    w0             wa  \n",
       "omega_m0  1.850759e+06  113623.776249  \n",
       "omega_b0 -7.598367e+06 -577001.097623  \n",
       "h         3.552608e+06  706066.242382  \n",
       "n_s      -1.360686e+05  -25864.908419  \n",
       "sigma_8   1.719659e+06  615137.948390  \n",
       "m_nu      6.369820e+05  207844.867608  \n",
       "N_eff    -3.141717e+05  -74443.627745  \n",
       "tau      -1.374592e+06 -488745.187357  \n",
       "w0        1.329266e+06  371850.395605  \n",
       "wa        3.718504e+05  104924.460938  "
      ]
     },
     "execution_count": 5,
     "metadata": {},
     "output_type": "execute_result"
    }
   ],
   "source": [
    "cmb_fisher=var_filter(pd.read_excel('../data/CMB/all.xlsx',header=0,index_col=0),lcdm=False,neff_fixed=False)\n",
    "cmb_fisher"
   ]
  },
  {
   "cell_type": "code",
   "execution_count": 6,
   "metadata": {},
   "outputs": [
    {
     "data": {
      "application/vnd.microsoft.datawrangler.viewer.v0+json": {
       "columns": [
        {
         "name": "index",
         "rawType": "object",
         "type": "string"
        },
        {
         "name": "omega_m0",
         "rawType": "float64",
         "type": "float"
        },
        {
         "name": "omega_b0",
         "rawType": "float64",
         "type": "float"
        },
        {
         "name": "h",
         "rawType": "float64",
         "type": "float"
        },
        {
         "name": "n_s",
         "rawType": "float64",
         "type": "float"
        },
        {
         "name": "sigma_8",
         "rawType": "float64",
         "type": "float"
        },
        {
         "name": "m_nu",
         "rawType": "float64",
         "type": "float"
        },
        {
         "name": "N_eff",
         "rawType": "float64",
         "type": "float"
        },
        {
         "name": "w0",
         "rawType": "float64",
         "type": "float"
        },
        {
         "name": "wa",
         "rawType": "float64",
         "type": "float"
        }
       ],
       "conversionMethod": "pd.DataFrame",
       "ref": "40906492-ce06-4c0c-854c-e28fb084451e",
       "rows": [
        [
         "omega_m0",
         "38766071.777785294",
         "-133486766.91691452",
         "40423456.8127518",
         "-550655.8418660106",
         "-1329430.3057563207",
         "901152.7692188966",
         "-2573839.4007749977",
         "6336545.944026053",
         "1708574.870003638"
        ],
        [
         "omega_b0",
         "-133486766.92469688",
         "885282346.4829623",
         "-88826062.51660267",
         "16045363.486262213",
         "6680924.578288218",
         "-3873349.4617058923",
         "7933846.79979615",
         "-24743442.157920785",
         "-6673045.07768894"
        ],
        [
         "h",
         "40423456.81175487",
         "-88826062.50463746",
         "48705198.77468041",
         "873238.445833231",
         "-855242.9267845487",
         "977366.5110145254",
         "-2831833.917416233",
         "6515765.864310337",
         "1759636.569913538"
        ],
        [
         "n_s",
         "-550655.8420891506",
         "16045363.486782694",
         "873238.445554351",
         "926929.627926401",
         "47646.536358774654",
         "-67158.0905076713",
         "-2397.812142217268",
         "-264494.0807640774",
         "-71527.42174719206"
        ],
        [
         "sigma_8",
         "-1329430.3058220004",
         "6680924.578605814",
         "-855242.9268468096",
         "47646.53636438034",
         "555067.559333078",
         "99966.05638463132",
         "41639.25604932987",
         "-11821.09530684958",
         "-500.9972760545776"
        ],
        [
         "m_nu",
         "901152.7692184459",
         "-3873349.4613955272",
         "977366.5110532729",
         "-67158.09049858374",
         "99966.05638742214",
         "65608.45722432144",
         "-71552.61329914593",
         "227877.73341573967",
         "62385.14395956593"
        ],
        [
         "N_eff",
         "-2573839.4007539595",
         "7933846.799168525",
         "-2831833.9174640994",
         "-2397.812158908722",
         "41639.256044847134",
         "-71552.61329833936",
         "178315.70309149052",
         "-437247.33124535234",
         "-118203.98172891038"
        ],
        [
         "w0",
         "6336545.944049315",
         "-24743442.15649566",
         "6515765.864528381",
         "-264494.0807212865",
         "-11821.095293378523",
         "227877.7334167965",
         "-437247.3312511035",
         "1191783.393209801",
         "322967.663836466"
        ],
        [
         "wa",
         "1708574.8700096116",
         "-6673045.077300577",
         "1759636.5699723975",
         "-71527.42173557222",
         "-500.9972723984032",
         "62385.143959839574",
         "-118203.98173044754",
         "322967.66383639997",
         "87543.8849460858"
        ]
       ],
       "shape": {
        "columns": 9,
        "rows": 9
       }
      },
      "text/html": [
       "<div>\n",
       "<style scoped>\n",
       "    .dataframe tbody tr th:only-of-type {\n",
       "        vertical-align: middle;\n",
       "    }\n",
       "\n",
       "    .dataframe tbody tr th {\n",
       "        vertical-align: top;\n",
       "    }\n",
       "\n",
       "    .dataframe thead th {\n",
       "        text-align: right;\n",
       "    }\n",
       "</style>\n",
       "<table border=\"1\" class=\"dataframe\">\n",
       "  <thead>\n",
       "    <tr style=\"text-align: right;\">\n",
       "      <th></th>\n",
       "      <th>omega_m0</th>\n",
       "      <th>omega_b0</th>\n",
       "      <th>h</th>\n",
       "      <th>n_s</th>\n",
       "      <th>sigma_8</th>\n",
       "      <th>m_nu</th>\n",
       "      <th>N_eff</th>\n",
       "      <th>w0</th>\n",
       "      <th>wa</th>\n",
       "    </tr>\n",
       "  </thead>\n",
       "  <tbody>\n",
       "    <tr>\n",
       "      <th>omega_m0</th>\n",
       "      <td>3.876607e+07</td>\n",
       "      <td>-1.334868e+08</td>\n",
       "      <td>4.042346e+07</td>\n",
       "      <td>-5.506558e+05</td>\n",
       "      <td>-1.329430e+06</td>\n",
       "      <td>9.011528e+05</td>\n",
       "      <td>-2.573839e+06</td>\n",
       "      <td>6.336546e+06</td>\n",
       "      <td>1.708575e+06</td>\n",
       "    </tr>\n",
       "    <tr>\n",
       "      <th>omega_b0</th>\n",
       "      <td>-1.334868e+08</td>\n",
       "      <td>8.852823e+08</td>\n",
       "      <td>-8.882606e+07</td>\n",
       "      <td>1.604536e+07</td>\n",
       "      <td>6.680925e+06</td>\n",
       "      <td>-3.873349e+06</td>\n",
       "      <td>7.933847e+06</td>\n",
       "      <td>-2.474344e+07</td>\n",
       "      <td>-6.673045e+06</td>\n",
       "    </tr>\n",
       "    <tr>\n",
       "      <th>h</th>\n",
       "      <td>4.042346e+07</td>\n",
       "      <td>-8.882606e+07</td>\n",
       "      <td>4.870520e+07</td>\n",
       "      <td>8.732384e+05</td>\n",
       "      <td>-8.552429e+05</td>\n",
       "      <td>9.773665e+05</td>\n",
       "      <td>-2.831834e+06</td>\n",
       "      <td>6.515766e+06</td>\n",
       "      <td>1.759637e+06</td>\n",
       "    </tr>\n",
       "    <tr>\n",
       "      <th>n_s</th>\n",
       "      <td>-5.506558e+05</td>\n",
       "      <td>1.604536e+07</td>\n",
       "      <td>8.732384e+05</td>\n",
       "      <td>9.269296e+05</td>\n",
       "      <td>4.764654e+04</td>\n",
       "      <td>-6.715809e+04</td>\n",
       "      <td>-2.397812e+03</td>\n",
       "      <td>-2.644941e+05</td>\n",
       "      <td>-7.152742e+04</td>\n",
       "    </tr>\n",
       "    <tr>\n",
       "      <th>sigma_8</th>\n",
       "      <td>-1.329430e+06</td>\n",
       "      <td>6.680925e+06</td>\n",
       "      <td>-8.552429e+05</td>\n",
       "      <td>4.764654e+04</td>\n",
       "      <td>5.550676e+05</td>\n",
       "      <td>9.996606e+04</td>\n",
       "      <td>4.163926e+04</td>\n",
       "      <td>-1.182110e+04</td>\n",
       "      <td>-5.009973e+02</td>\n",
       "    </tr>\n",
       "    <tr>\n",
       "      <th>m_nu</th>\n",
       "      <td>9.011528e+05</td>\n",
       "      <td>-3.873349e+06</td>\n",
       "      <td>9.773665e+05</td>\n",
       "      <td>-6.715809e+04</td>\n",
       "      <td>9.996606e+04</td>\n",
       "      <td>6.560846e+04</td>\n",
       "      <td>-7.155261e+04</td>\n",
       "      <td>2.278777e+05</td>\n",
       "      <td>6.238514e+04</td>\n",
       "    </tr>\n",
       "    <tr>\n",
       "      <th>N_eff</th>\n",
       "      <td>-2.573839e+06</td>\n",
       "      <td>7.933847e+06</td>\n",
       "      <td>-2.831834e+06</td>\n",
       "      <td>-2.397812e+03</td>\n",
       "      <td>4.163926e+04</td>\n",
       "      <td>-7.155261e+04</td>\n",
       "      <td>1.783157e+05</td>\n",
       "      <td>-4.372473e+05</td>\n",
       "      <td>-1.182040e+05</td>\n",
       "    </tr>\n",
       "    <tr>\n",
       "      <th>w0</th>\n",
       "      <td>6.336546e+06</td>\n",
       "      <td>-2.474344e+07</td>\n",
       "      <td>6.515766e+06</td>\n",
       "      <td>-2.644941e+05</td>\n",
       "      <td>-1.182110e+04</td>\n",
       "      <td>2.278777e+05</td>\n",
       "      <td>-4.372473e+05</td>\n",
       "      <td>1.191783e+06</td>\n",
       "      <td>3.229677e+05</td>\n",
       "    </tr>\n",
       "    <tr>\n",
       "      <th>wa</th>\n",
       "      <td>1.708575e+06</td>\n",
       "      <td>-6.673045e+06</td>\n",
       "      <td>1.759637e+06</td>\n",
       "      <td>-7.152742e+04</td>\n",
       "      <td>-5.009973e+02</td>\n",
       "      <td>6.238514e+04</td>\n",
       "      <td>-1.182040e+05</td>\n",
       "      <td>3.229677e+05</td>\n",
       "      <td>8.754388e+04</td>\n",
       "    </tr>\n",
       "  </tbody>\n",
       "</table>\n",
       "</div>"
      ],
      "text/plain": [
       "              omega_m0      omega_b0             h           n_s  \\\n",
       "omega_m0  3.876607e+07 -1.334868e+08  4.042346e+07 -5.506558e+05   \n",
       "omega_b0 -1.334868e+08  8.852823e+08 -8.882606e+07  1.604536e+07   \n",
       "h         4.042346e+07 -8.882606e+07  4.870520e+07  8.732384e+05   \n",
       "n_s      -5.506558e+05  1.604536e+07  8.732384e+05  9.269296e+05   \n",
       "sigma_8  -1.329430e+06  6.680925e+06 -8.552429e+05  4.764654e+04   \n",
       "m_nu      9.011528e+05 -3.873349e+06  9.773665e+05 -6.715809e+04   \n",
       "N_eff    -2.573839e+06  7.933847e+06 -2.831834e+06 -2.397812e+03   \n",
       "w0        6.336546e+06 -2.474344e+07  6.515766e+06 -2.644941e+05   \n",
       "wa        1.708575e+06 -6.673045e+06  1.759637e+06 -7.152742e+04   \n",
       "\n",
       "               sigma_8          m_nu         N_eff            w0            wa  \n",
       "omega_m0 -1.329430e+06  9.011528e+05 -2.573839e+06  6.336546e+06  1.708575e+06  \n",
       "omega_b0  6.680925e+06 -3.873349e+06  7.933847e+06 -2.474344e+07 -6.673045e+06  \n",
       "h        -8.552429e+05  9.773665e+05 -2.831834e+06  6.515766e+06  1.759637e+06  \n",
       "n_s       4.764654e+04 -6.715809e+04 -2.397812e+03 -2.644941e+05 -7.152742e+04  \n",
       "sigma_8   5.550676e+05  9.996606e+04  4.163926e+04 -1.182110e+04 -5.009973e+02  \n",
       "m_nu      9.996606e+04  6.560846e+04 -7.155261e+04  2.278777e+05  6.238514e+04  \n",
       "N_eff     4.163926e+04 -7.155261e+04  1.783157e+05 -4.372473e+05 -1.182040e+05  \n",
       "w0       -1.182110e+04  2.278777e+05 -4.372473e+05  1.191783e+06  3.229677e+05  \n",
       "wa       -5.009973e+02  6.238514e+04 -1.182040e+05  3.229677e+05  8.754388e+04  "
      ]
     },
     "execution_count": 6,
     "metadata": {},
     "output_type": "execute_result"
    }
   ],
   "source": [
    "cmb_cov=pd.DataFrame(np.linalg.inv(cmb_fisher.values),index=cmb_fisher.index,columns=cmb_fisher.columns)\n",
    "cmb_cov_marg=cmb_cov.drop('tau',axis=0)\n",
    "cmb_cov_marg=cmb_cov_marg.drop('tau',axis=1)\n",
    "cmb_fisher_marg=pd.DataFrame(np.linalg.inv(cmb_cov_marg),index=settings.var_name,columns=settings.var_name)\n",
    "cmb_fisher_marg"
   ]
  },
  {
   "cell_type": "code",
   "execution_count": 7,
   "metadata": {},
   "outputs": [
    {
     "data": {
      "application/vnd.microsoft.datawrangler.viewer.v0+json": {
       "columns": [
        {
         "name": "index",
         "rawType": "object",
         "type": "string"
        },
        {
         "name": "omega_m0",
         "rawType": "float64",
         "type": "float"
        },
        {
         "name": "omega_b0",
         "rawType": "float64",
         "type": "float"
        },
        {
         "name": "h",
         "rawType": "float64",
         "type": "float"
        },
        {
         "name": "n_s",
         "rawType": "float64",
         "type": "float"
        },
        {
         "name": "sigma_8",
         "rawType": "float64",
         "type": "float"
        },
        {
         "name": "m_nu",
         "rawType": "float64",
         "type": "float"
        },
        {
         "name": "N_eff",
         "rawType": "float64",
         "type": "float"
        },
        {
         "name": "w0",
         "rawType": "float64",
         "type": "float"
        },
        {
         "name": "wa",
         "rawType": "float64",
         "type": "float"
        }
       ],
       "conversionMethod": "pd.DataFrame",
       "ref": "76bad387-46aa-407c-8d83-3e698bd725f4",
       "rows": [
        [
         "omega_m0",
         "7.287065384149557e-06",
         "4.3164006395243475e-07",
         "-2.214518056240729e-06",
         "1.1876771929801106e-06",
         "-8.93574581832284e-06",
         "7.946627649648039e-05",
         "5.099824143577103e-05",
         "4.1382013954289206e-05",
         "-0.00020401200861508447"
        ],
        [
         "omega_b0",
         "4.3164006395292655e-07",
         "1.0760180713666188e-07",
         "-7.120681294082306e-07",
         "-6.032063993484062e-08",
         "-6.14817160836007e-07",
         "-2.660485592576865e-06",
         "-1.7893007605459707e-06",
         "6.376132637104884e-06",
         "-9.991557445731556e-06"
        ],
        [
         "h",
         "-2.214518056237e-06",
         "-7.120681294067812e-07",
         "5.133634074767959e-06",
         "5.955018211089902e-07",
         "3.765034627902284e-06",
         "2.5552754579546737e-05",
         "2.765106643624289e-05",
         "-3.764644811311701e-05",
         "4.413574813064809e-05"
        ],
        [
         "n_s",
         "1.1876771929762327e-06",
         "-6.032063993618629e-08",
         "5.955018211219916e-07",
         "4.259266461458004e-06",
         "-4.137313001768354e-07",
         "1.0115059515523061e-05",
         "4.5373111240782706e-05",
         "2.0941079521816586e-05",
         "-5.9674026408959375e-05"
        ],
        [
         "sigma_8",
         "-8.935745818327785e-06",
         "-6.148171608342689e-07",
         "3.7650346279012874e-06",
         "-4.137313001726423e-07",
         "2.3152610681072874e-05",
         "-0.00016450800215164654",
         "-1.778975111567368e-05",
         "-6.858827067990858e-05",
         "0.0003974622861883527"
        ],
        [
         "m_nu",
         "7.946627649649869e-05",
         "-2.66048559258767e-06",
         "2.555275457960579e-05",
         "1.0115059515381197e-05",
         "-0.000164508002151463",
         "0.0020738543965764305",
         "0.0006480417538299968",
         "0.00011851538367250009",
         "-0.00329442425710143"
        ],
        [
         "N_eff",
         "5.099824143584875e-05",
         "-1.7893007605242227e-06",
         "2.765106643614609e-05",
         "4.5373111240694655e-05",
         "-1.7789751115808147e-05",
         "0.0006480417538297244",
         "0.0012076351832070698",
         "0.0002873437038278361",
         "-0.001543973662518717"
        ],
        [
         "w0",
         "4.13820139543745e-05",
         "6.37613263710605e-06",
         "-3.764644811320785e-05",
         "2.0941079521795404e-05",
         "-6.858827068006619e-05",
         "0.00011851538367406776",
         "0.0002873437038262294",
         "0.0008909051571740536",
         "-0.002529253332477941"
        ],
        [
         "wa",
         "-0.00020401200861537672",
         "-9.991557445732129e-06",
         "4.4135748130783394e-05",
         "-5.9674026408592007e-05",
         "0.0003974622861884128",
         "-0.003294424257105368",
         "-0.0015439736625150087",
         "-0.00252925333247525",
         "0.011874411160272326"
        ]
       ],
       "shape": {
        "columns": 9,
        "rows": 9
       }
      },
      "text/html": [
       "<div>\n",
       "<style scoped>\n",
       "    .dataframe tbody tr th:only-of-type {\n",
       "        vertical-align: middle;\n",
       "    }\n",
       "\n",
       "    .dataframe tbody tr th {\n",
       "        vertical-align: top;\n",
       "    }\n",
       "\n",
       "    .dataframe thead th {\n",
       "        text-align: right;\n",
       "    }\n",
       "</style>\n",
       "<table border=\"1\" class=\"dataframe\">\n",
       "  <thead>\n",
       "    <tr style=\"text-align: right;\">\n",
       "      <th></th>\n",
       "      <th>omega_m0</th>\n",
       "      <th>omega_b0</th>\n",
       "      <th>h</th>\n",
       "      <th>n_s</th>\n",
       "      <th>sigma_8</th>\n",
       "      <th>m_nu</th>\n",
       "      <th>N_eff</th>\n",
       "      <th>w0</th>\n",
       "      <th>wa</th>\n",
       "    </tr>\n",
       "  </thead>\n",
       "  <tbody>\n",
       "    <tr>\n",
       "      <th>omega_m0</th>\n",
       "      <td>7.287065e-06</td>\n",
       "      <td>4.316401e-07</td>\n",
       "      <td>-2.214518e-06</td>\n",
       "      <td>1.187677e-06</td>\n",
       "      <td>-8.935746e-06</td>\n",
       "      <td>0.000079</td>\n",
       "      <td>0.000051</td>\n",
       "      <td>0.000041</td>\n",
       "      <td>-0.000204</td>\n",
       "    </tr>\n",
       "    <tr>\n",
       "      <th>omega_b0</th>\n",
       "      <td>4.316401e-07</td>\n",
       "      <td>1.076018e-07</td>\n",
       "      <td>-7.120681e-07</td>\n",
       "      <td>-6.032064e-08</td>\n",
       "      <td>-6.148172e-07</td>\n",
       "      <td>-0.000003</td>\n",
       "      <td>-0.000002</td>\n",
       "      <td>0.000006</td>\n",
       "      <td>-0.000010</td>\n",
       "    </tr>\n",
       "    <tr>\n",
       "      <th>h</th>\n",
       "      <td>-2.214518e-06</td>\n",
       "      <td>-7.120681e-07</td>\n",
       "      <td>5.133634e-06</td>\n",
       "      <td>5.955018e-07</td>\n",
       "      <td>3.765035e-06</td>\n",
       "      <td>0.000026</td>\n",
       "      <td>0.000028</td>\n",
       "      <td>-0.000038</td>\n",
       "      <td>0.000044</td>\n",
       "    </tr>\n",
       "    <tr>\n",
       "      <th>n_s</th>\n",
       "      <td>1.187677e-06</td>\n",
       "      <td>-6.032064e-08</td>\n",
       "      <td>5.955018e-07</td>\n",
       "      <td>4.259266e-06</td>\n",
       "      <td>-4.137313e-07</td>\n",
       "      <td>0.000010</td>\n",
       "      <td>0.000045</td>\n",
       "      <td>0.000021</td>\n",
       "      <td>-0.000060</td>\n",
       "    </tr>\n",
       "    <tr>\n",
       "      <th>sigma_8</th>\n",
       "      <td>-8.935746e-06</td>\n",
       "      <td>-6.148172e-07</td>\n",
       "      <td>3.765035e-06</td>\n",
       "      <td>-4.137313e-07</td>\n",
       "      <td>2.315261e-05</td>\n",
       "      <td>-0.000165</td>\n",
       "      <td>-0.000018</td>\n",
       "      <td>-0.000069</td>\n",
       "      <td>0.000397</td>\n",
       "    </tr>\n",
       "    <tr>\n",
       "      <th>m_nu</th>\n",
       "      <td>7.946628e-05</td>\n",
       "      <td>-2.660486e-06</td>\n",
       "      <td>2.555275e-05</td>\n",
       "      <td>1.011506e-05</td>\n",
       "      <td>-1.645080e-04</td>\n",
       "      <td>0.002074</td>\n",
       "      <td>0.000648</td>\n",
       "      <td>0.000119</td>\n",
       "      <td>-0.003294</td>\n",
       "    </tr>\n",
       "    <tr>\n",
       "      <th>N_eff</th>\n",
       "      <td>5.099824e-05</td>\n",
       "      <td>-1.789301e-06</td>\n",
       "      <td>2.765107e-05</td>\n",
       "      <td>4.537311e-05</td>\n",
       "      <td>-1.778975e-05</td>\n",
       "      <td>0.000648</td>\n",
       "      <td>0.001208</td>\n",
       "      <td>0.000287</td>\n",
       "      <td>-0.001544</td>\n",
       "    </tr>\n",
       "    <tr>\n",
       "      <th>w0</th>\n",
       "      <td>4.138201e-05</td>\n",
       "      <td>6.376133e-06</td>\n",
       "      <td>-3.764645e-05</td>\n",
       "      <td>2.094108e-05</td>\n",
       "      <td>-6.858827e-05</td>\n",
       "      <td>0.000119</td>\n",
       "      <td>0.000287</td>\n",
       "      <td>0.000891</td>\n",
       "      <td>-0.002529</td>\n",
       "    </tr>\n",
       "    <tr>\n",
       "      <th>wa</th>\n",
       "      <td>-2.040120e-04</td>\n",
       "      <td>-9.991557e-06</td>\n",
       "      <td>4.413575e-05</td>\n",
       "      <td>-5.967403e-05</td>\n",
       "      <td>3.974623e-04</td>\n",
       "      <td>-0.003294</td>\n",
       "      <td>-0.001544</td>\n",
       "      <td>-0.002529</td>\n",
       "      <td>0.011874</td>\n",
       "    </tr>\n",
       "  </tbody>\n",
       "</table>\n",
       "</div>"
      ],
      "text/plain": [
       "              omega_m0      omega_b0             h           n_s  \\\n",
       "omega_m0  7.287065e-06  4.316401e-07 -2.214518e-06  1.187677e-06   \n",
       "omega_b0  4.316401e-07  1.076018e-07 -7.120681e-07 -6.032064e-08   \n",
       "h        -2.214518e-06 -7.120681e-07  5.133634e-06  5.955018e-07   \n",
       "n_s       1.187677e-06 -6.032064e-08  5.955018e-07  4.259266e-06   \n",
       "sigma_8  -8.935746e-06 -6.148172e-07  3.765035e-06 -4.137313e-07   \n",
       "m_nu      7.946628e-05 -2.660486e-06  2.555275e-05  1.011506e-05   \n",
       "N_eff     5.099824e-05 -1.789301e-06  2.765107e-05  4.537311e-05   \n",
       "w0        4.138201e-05  6.376133e-06 -3.764645e-05  2.094108e-05   \n",
       "wa       -2.040120e-04 -9.991557e-06  4.413575e-05 -5.967403e-05   \n",
       "\n",
       "               sigma_8      m_nu     N_eff        w0        wa  \n",
       "omega_m0 -8.935746e-06  0.000079  0.000051  0.000041 -0.000204  \n",
       "omega_b0 -6.148172e-07 -0.000003 -0.000002  0.000006 -0.000010  \n",
       "h         3.765035e-06  0.000026  0.000028 -0.000038  0.000044  \n",
       "n_s      -4.137313e-07  0.000010  0.000045  0.000021 -0.000060  \n",
       "sigma_8   2.315261e-05 -0.000165 -0.000018 -0.000069  0.000397  \n",
       "m_nu     -1.645080e-04  0.002074  0.000648  0.000119 -0.003294  \n",
       "N_eff    -1.778975e-05  0.000648  0.001208  0.000287 -0.001544  \n",
       "w0       -6.858827e-05  0.000119  0.000287  0.000891 -0.002529  \n",
       "wa        3.974623e-04 -0.003294 -0.001544 -0.002529  0.011874  "
      ]
     },
     "execution_count": 7,
     "metadata": {},
     "output_type": "execute_result"
    }
   ],
   "source": [
    "fisher1_combined=DESI_multi_valid+cmb_fisher_marg\n",
    "fisher1_combined.to_excel('../data/combined/cmb+dmul-w0wacdm-free.xlsx')\n",
    "cov1_combined=pd.DataFrame(np.linalg.inv(fisher1_combined),index=fisher1_combined.index,columns=fisher1_combined.columns)\n",
    "cov1_combined"
   ]
  },
  {
   "cell_type": "code",
   "execution_count": 8,
   "metadata": {},
   "outputs": [
    {
     "name": "stdout",
     "output_type": "stream",
     "text": [
      "1-sigma errors:\n",
      "-- omega_m0: 2.7e-03\n",
      "-- omega_b0: 3.3e-04\n",
      "--        h: 2.3e-03\n",
      "--      n_s: 2.1e-03\n",
      "--  sigma_8: 4.8e-03\n",
      "--     m_nu: 4.6e-02\n",
      "--    N_eff: 3.5e-02\n",
      "--       w0: 3.0e-02\n",
      "--       wa: 1.1e-01\n"
     ]
    }
   ],
   "source": [
    "name_width=max([len(v) for v in settings.var_name])\n",
    "error_dict=dict(zip(settings.var_name,np.sqrt(np.diag(cov1_combined.values))))\n",
    "print('1-sigma errors:')\n",
    "for key in error_dict.keys():\n",
    "    print(f'-- {key.rjust(name_width)}: {error_dict[key]:.1e}')"
   ]
  }
 ],
 "metadata": {
  "kernelspec": {
   "display_name": "base",
   "language": "python",
   "name": "python3"
  },
  "language_info": {
   "codemirror_mode": {
    "name": "ipython",
    "version": 3
   },
   "file_extension": ".py",
   "mimetype": "text/x-python",
   "name": "python",
   "nbconvert_exporter": "python",
   "pygments_lexer": "ipython3",
   "version": "3.12.3"
  }
 },
 "nbformat": 4,
 "nbformat_minor": 2
}
