{
 "cells": [
  {
   "cell_type": "code",
   "execution_count": 1,
   "metadata": {},
   "outputs": [],
   "source": [
    "import numpy as np\n",
    "import pandas as pd\n",
    "from starfish.plot import *"
   ]
  },
  {
   "cell_type": "code",
   "execution_count": 2,
   "metadata": {},
   "outputs": [
    {
     "data": {
      "text/plain": [
       "[0.32, 0.049, 0.67, 0.96, 0.81, 0.06, 3.044, -1, 0]"
      ]
     },
     "execution_count": 2,
     "metadata": {},
     "output_type": "execute_result"
    }
   ],
   "source": [
    "from starfish.set import settings\n",
    "settings.cosmo_value"
   ]
  },
  {
   "cell_type": "code",
   "execution_count": 3,
   "metadata": {},
   "outputs": [],
   "source": [
    "def var_filter(fisher,lcdm,neff_fixed):\n",
    "    df=fisher.copy()\n",
    "    if lcdm:\n",
    "        df=df.drop('w0',axis=0)\n",
    "        df=df.drop('w0',axis=1)\n",
    "        df=df.drop('wa',axis=0)\n",
    "        df=df.drop('wa',axis=1)\n",
    "    if neff_fixed:\n",
    "        df=df.drop('N_eff',axis=0)\n",
    "        df=df.drop('N_eff',axis=1)\n",
    "\n",
    "    return df"
   ]
  },
  {
   "cell_type": "markdown",
   "metadata": {},
   "source": [
    "# nuisance parameters of different tracers/surveys should be independent of each other"
   ]
  },
  {
   "cell_type": "code",
   "execution_count": 4,
   "metadata": {},
   "outputs": [],
   "source": [
    "JPAS_multi=var_filter(pd.read_excel('../data/jpas_all/valid.xlsx',header=0,index_col=0),lcdm=False,neff_fixed=False)\n",
    "cov=pd.DataFrame(np.linalg.inv(JPAS_multi.values),index=JPAS_multi.index,columns=JPAS_multi.columns)\n",
    "JPAS_multi_valid=np.linalg.inv(cov.iloc[:settings.cosmo_num,:settings.cosmo_num].values)"
   ]
  },
  {
   "cell_type": "code",
   "execution_count": 5,
   "metadata": {},
   "outputs": [],
   "source": [
    "PFS_ELG=var_filter(pd.read_excel('../data/PFS/fisher.xlsx',header=0,index_col=0),lcdm=False,neff_fixed=False)\n",
    "cov=pd.DataFrame(np.linalg.inv(PFS_ELG.values),index=PFS_ELG.index,columns=PFS_ELG.columns)\n",
    "PFS_ELG_valid=np.linalg.inv(cov.iloc[:settings.cosmo_num,:settings.cosmo_num].values)"
   ]
  },
  {
   "cell_type": "markdown",
   "metadata": {},
   "source": [
    "# J-PAS multitracer + PFS ELG"
   ]
  },
  {
   "cell_type": "code",
   "execution_count": 6,
   "metadata": {},
   "outputs": [
    {
     "data": {
      "application/vnd.microsoft.datawrangler.viewer.v0+json": {
       "columns": [
        {
         "name": "index",
         "rawType": "object",
         "type": "string"
        },
        {
         "name": "omega_m0",
         "rawType": "float64",
         "type": "float"
        },
        {
         "name": "omega_b0",
         "rawType": "float64",
         "type": "float"
        },
        {
         "name": "h",
         "rawType": "float64",
         "type": "float"
        },
        {
         "name": "n_s",
         "rawType": "float64",
         "type": "float"
        },
        {
         "name": "sigma_8",
         "rawType": "float64",
         "type": "float"
        },
        {
         "name": "m_nu",
         "rawType": "float64",
         "type": "float"
        },
        {
         "name": "N_eff",
         "rawType": "float64",
         "type": "float"
        },
        {
         "name": "w0",
         "rawType": "float64",
         "type": "float"
        },
        {
         "name": "wa",
         "rawType": "float64",
         "type": "float"
        }
       ],
       "conversionMethod": "pd.DataFrame",
       "ref": "c236e3f9-f958-4a4f-9cc6-41e8ac7bbdf1",
       "rows": [
        [
         "omega_m0",
         "543831.9299777084",
         "-985857.6471275089",
         "74888.07319705308",
         "221829.07053716318",
         "-10062.16793671883",
         "-22067.40475040138",
         "-8468.205857395506",
         "-19574.61342723671",
         "-1859.9135058572097"
        ],
        [
         "omega_b0",
         "-985857.6471274106",
         "2505464.0250699404",
         "-410464.01183922176",
         "-423082.6601528154",
         "44839.01953074498",
         "42500.38954622936",
         "21380.7114602964",
         "10982.37632595422",
         "137.44278395851484"
        ],
        [
         "h",
         "74888.07319673034",
         "-410464.01183862996",
         "285152.2969911307",
         "48556.944449676106",
         "-98803.12100754482",
         "-5392.025980868662",
         "-4066.1145024087264",
         "16151.809616284798",
         "5443.117187486381"
        ],
        [
         "n_s",
         "221829.0705371413",
         "-423082.66015292204",
         "48556.94444989328",
         "103838.21847167947",
         "-17728.695611143277",
         "-10113.712010789439",
         "-3841.4495178457905",
         "-7218.068523301677",
         "-727.9858571006075"
        ],
        [
         "sigma_8",
         "-10062.167936570666",
         "44839.01953037023",
         "-98803.12100747152",
         "-17728.695611054824",
         "82575.2671729359",
         "3933.3863476341157",
         "457.33095235602184",
         "-1790.4261779087042",
         "-1869.8411472780333"
        ],
        [
         "m_nu",
         "-22067.404750412243",
         "42500.38954628393",
         "-5392.025980907822",
         "-10113.712010797119",
         "3933.3863476478823",
         "1160.7921677768518",
         "371.74324955655226",
         "923.7065237632842",
         "84.40059098081481"
        ],
        [
         "N_eff",
         "-8468.205857401921",
         "21380.711460332917",
         "-4066.114502432123",
         "-3841.4495178495363",
         "457.3309523642332",
         "371.7432495564606",
         "198.35913538669388",
         "63.60759361185721",
         "-6.059102422924663"
        ],
        [
         "w0",
         "-19574.613427295248",
         "10982.376326122112",
         "16151.809616223827",
         "-7218.068523337935",
         "-1790.4261778944342",
         "923.7065237675727",
         "63.60759361444974",
         "3290.39690631434",
         "655.4756848043892"
        ],
        [
         "wa",
         "-1859.9135058739705",
         "137.44278400811072",
         "5443.117187469337",
         "-727.9858571106557",
         "-1869.8411472742332",
         "84.40059098202924",
         "-6.059102422186511",
         "655.4756848044706",
         "196.19582538244896"
        ]
       ],
       "shape": {
        "columns": 9,
        "rows": 9
       }
      },
      "text/html": [
       "<div>\n",
       "<style scoped>\n",
       "    .dataframe tbody tr th:only-of-type {\n",
       "        vertical-align: middle;\n",
       "    }\n",
       "\n",
       "    .dataframe tbody tr th {\n",
       "        vertical-align: top;\n",
       "    }\n",
       "\n",
       "    .dataframe thead th {\n",
       "        text-align: right;\n",
       "    }\n",
       "</style>\n",
       "<table border=\"1\" class=\"dataframe\">\n",
       "  <thead>\n",
       "    <tr style=\"text-align: right;\">\n",
       "      <th></th>\n",
       "      <th>omega_m0</th>\n",
       "      <th>omega_b0</th>\n",
       "      <th>h</th>\n",
       "      <th>n_s</th>\n",
       "      <th>sigma_8</th>\n",
       "      <th>m_nu</th>\n",
       "      <th>N_eff</th>\n",
       "      <th>w0</th>\n",
       "      <th>wa</th>\n",
       "    </tr>\n",
       "  </thead>\n",
       "  <tbody>\n",
       "    <tr>\n",
       "      <th>omega_m0</th>\n",
       "      <td>543831.929978</td>\n",
       "      <td>-9.858576e+05</td>\n",
       "      <td>74888.073197</td>\n",
       "      <td>221829.070537</td>\n",
       "      <td>-10062.167937</td>\n",
       "      <td>-22067.404750</td>\n",
       "      <td>-8468.205857</td>\n",
       "      <td>-19574.613427</td>\n",
       "      <td>-1859.913506</td>\n",
       "    </tr>\n",
       "    <tr>\n",
       "      <th>omega_b0</th>\n",
       "      <td>-985857.647127</td>\n",
       "      <td>2.505464e+06</td>\n",
       "      <td>-410464.011839</td>\n",
       "      <td>-423082.660153</td>\n",
       "      <td>44839.019531</td>\n",
       "      <td>42500.389546</td>\n",
       "      <td>21380.711460</td>\n",
       "      <td>10982.376326</td>\n",
       "      <td>137.442784</td>\n",
       "    </tr>\n",
       "    <tr>\n",
       "      <th>h</th>\n",
       "      <td>74888.073197</td>\n",
       "      <td>-4.104640e+05</td>\n",
       "      <td>285152.296991</td>\n",
       "      <td>48556.944450</td>\n",
       "      <td>-98803.121008</td>\n",
       "      <td>-5392.025981</td>\n",
       "      <td>-4066.114502</td>\n",
       "      <td>16151.809616</td>\n",
       "      <td>5443.117187</td>\n",
       "    </tr>\n",
       "    <tr>\n",
       "      <th>n_s</th>\n",
       "      <td>221829.070537</td>\n",
       "      <td>-4.230827e+05</td>\n",
       "      <td>48556.944450</td>\n",
       "      <td>103838.218472</td>\n",
       "      <td>-17728.695611</td>\n",
       "      <td>-10113.712011</td>\n",
       "      <td>-3841.449518</td>\n",
       "      <td>-7218.068523</td>\n",
       "      <td>-727.985857</td>\n",
       "    </tr>\n",
       "    <tr>\n",
       "      <th>sigma_8</th>\n",
       "      <td>-10062.167937</td>\n",
       "      <td>4.483902e+04</td>\n",
       "      <td>-98803.121007</td>\n",
       "      <td>-17728.695611</td>\n",
       "      <td>82575.267173</td>\n",
       "      <td>3933.386348</td>\n",
       "      <td>457.330952</td>\n",
       "      <td>-1790.426178</td>\n",
       "      <td>-1869.841147</td>\n",
       "    </tr>\n",
       "    <tr>\n",
       "      <th>m_nu</th>\n",
       "      <td>-22067.404750</td>\n",
       "      <td>4.250039e+04</td>\n",
       "      <td>-5392.025981</td>\n",
       "      <td>-10113.712011</td>\n",
       "      <td>3933.386348</td>\n",
       "      <td>1160.792168</td>\n",
       "      <td>371.743250</td>\n",
       "      <td>923.706524</td>\n",
       "      <td>84.400591</td>\n",
       "    </tr>\n",
       "    <tr>\n",
       "      <th>N_eff</th>\n",
       "      <td>-8468.205857</td>\n",
       "      <td>2.138071e+04</td>\n",
       "      <td>-4066.114502</td>\n",
       "      <td>-3841.449518</td>\n",
       "      <td>457.330952</td>\n",
       "      <td>371.743250</td>\n",
       "      <td>198.359135</td>\n",
       "      <td>63.607594</td>\n",
       "      <td>-6.059102</td>\n",
       "    </tr>\n",
       "    <tr>\n",
       "      <th>w0</th>\n",
       "      <td>-19574.613427</td>\n",
       "      <td>1.098238e+04</td>\n",
       "      <td>16151.809616</td>\n",
       "      <td>-7218.068523</td>\n",
       "      <td>-1790.426178</td>\n",
       "      <td>923.706524</td>\n",
       "      <td>63.607594</td>\n",
       "      <td>3290.396906</td>\n",
       "      <td>655.475685</td>\n",
       "    </tr>\n",
       "    <tr>\n",
       "      <th>wa</th>\n",
       "      <td>-1859.913506</td>\n",
       "      <td>1.374428e+02</td>\n",
       "      <td>5443.117187</td>\n",
       "      <td>-727.985857</td>\n",
       "      <td>-1869.841147</td>\n",
       "      <td>84.400591</td>\n",
       "      <td>-6.059102</td>\n",
       "      <td>655.475685</td>\n",
       "      <td>196.195825</td>\n",
       "    </tr>\n",
       "  </tbody>\n",
       "</table>\n",
       "</div>"
      ],
      "text/plain": [
       "               omega_m0      omega_b0              h            n_s  \\\n",
       "omega_m0  543831.929978 -9.858576e+05   74888.073197  221829.070537   \n",
       "omega_b0 -985857.647127  2.505464e+06 -410464.011839 -423082.660153   \n",
       "h          74888.073197 -4.104640e+05  285152.296991   48556.944450   \n",
       "n_s       221829.070537 -4.230827e+05   48556.944450  103838.218472   \n",
       "sigma_8   -10062.167937  4.483902e+04  -98803.121007  -17728.695611   \n",
       "m_nu      -22067.404750  4.250039e+04   -5392.025981  -10113.712011   \n",
       "N_eff      -8468.205857  2.138071e+04   -4066.114502   -3841.449518   \n",
       "w0        -19574.613427  1.098238e+04   16151.809616   -7218.068523   \n",
       "wa         -1859.913506  1.374428e+02    5443.117187    -727.985857   \n",
       "\n",
       "               sigma_8          m_nu         N_eff            w0           wa  \n",
       "omega_m0 -10062.167937 -22067.404750  -8468.205857 -19574.613427 -1859.913506  \n",
       "omega_b0  44839.019531  42500.389546  21380.711460  10982.376326   137.442784  \n",
       "h        -98803.121008  -5392.025981  -4066.114502  16151.809616  5443.117187  \n",
       "n_s      -17728.695611 -10113.712011  -3841.449518  -7218.068523  -727.985857  \n",
       "sigma_8   82575.267173   3933.386348    457.330952  -1790.426178 -1869.841147  \n",
       "m_nu       3933.386348   1160.792168    371.743250    923.706524    84.400591  \n",
       "N_eff       457.330952    371.743250    198.359135     63.607594    -6.059102  \n",
       "w0        -1790.426178    923.706524     63.607594   3290.396906   655.475685  \n",
       "wa        -1869.841147     84.400591     -6.059102    655.475685   196.195825  "
      ]
     },
     "execution_count": 6,
     "metadata": {},
     "output_type": "execute_result"
    }
   ],
   "source": [
    "fisher1=pd.DataFrame(JPAS_multi_valid+PFS_ELG_valid,index=settings.var_name,columns=settings.var_name)\n",
    "fisher1.to_excel('../data/combined/pelg+jmul-w0wacdm-free.xlsx')\n",
    "fisher1"
   ]
  },
  {
   "cell_type": "code",
   "execution_count": 7,
   "metadata": {},
   "outputs": [
    {
     "data": {
      "application/vnd.microsoft.datawrangler.viewer.v0+json": {
       "columns": [
        {
         "name": "index",
         "rawType": "object",
         "type": "string"
        },
        {
         "name": "omega_m0",
         "rawType": "float64",
         "type": "float"
        },
        {
         "name": "omega_b0",
         "rawType": "float64",
         "type": "float"
        },
        {
         "name": "h",
         "rawType": "float64",
         "type": "float"
        },
        {
         "name": "n_s",
         "rawType": "float64",
         "type": "float"
        },
        {
         "name": "sigma_8",
         "rawType": "float64",
         "type": "float"
        },
        {
         "name": "m_nu",
         "rawType": "float64",
         "type": "float"
        },
        {
         "name": "N_eff",
         "rawType": "float64",
         "type": "float"
        },
        {
         "name": "w0",
         "rawType": "float64",
         "type": "float"
        },
        {
         "name": "wa",
         "rawType": "float64",
         "type": "float"
        }
       ],
       "conversionMethod": "pd.DataFrame",
       "ref": "542bcc06-4b6b-4b47-98d3-ca36b0dbe5ed",
       "rows": [
        [
         "omega_m0",
         "0.0001639491954880124",
         "2.5686612652606426e-05",
         "-4.3849569952887166e-05",
         "-0.000146413192981405",
         "-0.00023552516551885694",
         "0.002018585524985982",
         "-0.0032178676708693767",
         "0.0010489520305046601",
         "-0.0045073940694708775"
        ],
        [
         "omega_b0",
         "2.568661265261719e-05",
         "1.1537320137370228e-05",
         "7.238728729728506e-06",
         "-3.201530474719362e-05",
         "-1.003555587964378e-05",
         "-4.752661416258828e-05",
         "-0.0005917807153303721",
         "0.00018911722700751092",
         "-0.0008094963589175443"
        ],
        [
         "h",
         "-4.3849569952913695e-05",
         "7.238728729767897e-06",
         "0.00016116009276791768",
         "2.2291849129798092e-05",
         "0.00028306335248941977",
         "-0.002845751523606378",
         "0.005799317872481975",
         "-0.00013560959329197948",
         "-0.0002550633896006583"
        ],
        [
         "n_s",
         "-0.00014641319298145045",
         "-3.201530474716392e-05",
         "2.229184912987592e-05",
         "0.00025457290521033177",
         "0.00014814028451153255",
         "-0.00044623700437744463",
         "0.0034953914738899655",
         "-0.0009291453545530354",
         "0.0037765600389562445"
        ],
        [
         "sigma_8",
         "-0.00023552516551885922",
         "-1.003555587964041e-05",
         "0.00028306335248937244",
         "0.00014814028451150263",
         "0.0007152783515854449",
         "-0.007083757034850099",
         "0.011881889631930539",
         "-0.0012674247339240984",
         "0.004936444314062042"
        ],
        [
         "m_nu",
         "0.0020185855249857114",
         "-4.7526614162509334e-05",
         "-0.002845751523605178",
         "-0.0004462370043765175",
         "-0.007083757034849831",
         "0.0805418574000415",
         "-0.11402383940071514",
         "0.008171143213374836",
         "-0.03651615457779143"
        ],
        [
         "N_eff",
         "-0.003217867670871158",
         "-0.0005917807153308505",
         "0.005799317872487584",
         "0.0034953914738961077",
         "0.011881889631931295",
         "-0.11402383940070378",
         "0.3095016341228455",
         "-0.012701102199267475",
         "0.03627039739599326"
        ],
        [
         "w0",
         "0.0010489520305046335",
         "0.00018911722700762191",
         "-0.00013560959329188103",
         "-0.0009291453545532699",
         "-0.0012674247339240247",
         "0.008171143213371921",
         "-0.012701102199283564",
         "0.008879456660393642",
         "-0.0355260156752291"
        ],
        [
         "wa",
         "-0.004507394069470243",
         "-0.0008094963589181142",
         "-0.0002550633896012808",
         "0.003776560038956836",
         "0.004936444314060926",
         "-0.036516154577772644",
         "0.03627039739606811",
         "-0.035526015675226126",
         "0.16658904802049085"
        ]
       ],
       "shape": {
        "columns": 9,
        "rows": 9
       }
      },
      "text/html": [
       "<div>\n",
       "<style scoped>\n",
       "    .dataframe tbody tr th:only-of-type {\n",
       "        vertical-align: middle;\n",
       "    }\n",
       "\n",
       "    .dataframe tbody tr th {\n",
       "        vertical-align: top;\n",
       "    }\n",
       "\n",
       "    .dataframe thead th {\n",
       "        text-align: right;\n",
       "    }\n",
       "</style>\n",
       "<table border=\"1\" class=\"dataframe\">\n",
       "  <thead>\n",
       "    <tr style=\"text-align: right;\">\n",
       "      <th></th>\n",
       "      <th>omega_m0</th>\n",
       "      <th>omega_b0</th>\n",
       "      <th>h</th>\n",
       "      <th>n_s</th>\n",
       "      <th>sigma_8</th>\n",
       "      <th>m_nu</th>\n",
       "      <th>N_eff</th>\n",
       "      <th>w0</th>\n",
       "      <th>wa</th>\n",
       "    </tr>\n",
       "  </thead>\n",
       "  <tbody>\n",
       "    <tr>\n",
       "      <th>omega_m0</th>\n",
       "      <td>0.000164</td>\n",
       "      <td>0.000026</td>\n",
       "      <td>-0.000044</td>\n",
       "      <td>-0.000146</td>\n",
       "      <td>-0.000236</td>\n",
       "      <td>0.002019</td>\n",
       "      <td>-0.003218</td>\n",
       "      <td>0.001049</td>\n",
       "      <td>-0.004507</td>\n",
       "    </tr>\n",
       "    <tr>\n",
       "      <th>omega_b0</th>\n",
       "      <td>0.000026</td>\n",
       "      <td>0.000012</td>\n",
       "      <td>0.000007</td>\n",
       "      <td>-0.000032</td>\n",
       "      <td>-0.000010</td>\n",
       "      <td>-0.000048</td>\n",
       "      <td>-0.000592</td>\n",
       "      <td>0.000189</td>\n",
       "      <td>-0.000809</td>\n",
       "    </tr>\n",
       "    <tr>\n",
       "      <th>h</th>\n",
       "      <td>-0.000044</td>\n",
       "      <td>0.000007</td>\n",
       "      <td>0.000161</td>\n",
       "      <td>0.000022</td>\n",
       "      <td>0.000283</td>\n",
       "      <td>-0.002846</td>\n",
       "      <td>0.005799</td>\n",
       "      <td>-0.000136</td>\n",
       "      <td>-0.000255</td>\n",
       "    </tr>\n",
       "    <tr>\n",
       "      <th>n_s</th>\n",
       "      <td>-0.000146</td>\n",
       "      <td>-0.000032</td>\n",
       "      <td>0.000022</td>\n",
       "      <td>0.000255</td>\n",
       "      <td>0.000148</td>\n",
       "      <td>-0.000446</td>\n",
       "      <td>0.003495</td>\n",
       "      <td>-0.000929</td>\n",
       "      <td>0.003777</td>\n",
       "    </tr>\n",
       "    <tr>\n",
       "      <th>sigma_8</th>\n",
       "      <td>-0.000236</td>\n",
       "      <td>-0.000010</td>\n",
       "      <td>0.000283</td>\n",
       "      <td>0.000148</td>\n",
       "      <td>0.000715</td>\n",
       "      <td>-0.007084</td>\n",
       "      <td>0.011882</td>\n",
       "      <td>-0.001267</td>\n",
       "      <td>0.004936</td>\n",
       "    </tr>\n",
       "    <tr>\n",
       "      <th>m_nu</th>\n",
       "      <td>0.002019</td>\n",
       "      <td>-0.000048</td>\n",
       "      <td>-0.002846</td>\n",
       "      <td>-0.000446</td>\n",
       "      <td>-0.007084</td>\n",
       "      <td>0.080542</td>\n",
       "      <td>-0.114024</td>\n",
       "      <td>0.008171</td>\n",
       "      <td>-0.036516</td>\n",
       "    </tr>\n",
       "    <tr>\n",
       "      <th>N_eff</th>\n",
       "      <td>-0.003218</td>\n",
       "      <td>-0.000592</td>\n",
       "      <td>0.005799</td>\n",
       "      <td>0.003495</td>\n",
       "      <td>0.011882</td>\n",
       "      <td>-0.114024</td>\n",
       "      <td>0.309502</td>\n",
       "      <td>-0.012701</td>\n",
       "      <td>0.036270</td>\n",
       "    </tr>\n",
       "    <tr>\n",
       "      <th>w0</th>\n",
       "      <td>0.001049</td>\n",
       "      <td>0.000189</td>\n",
       "      <td>-0.000136</td>\n",
       "      <td>-0.000929</td>\n",
       "      <td>-0.001267</td>\n",
       "      <td>0.008171</td>\n",
       "      <td>-0.012701</td>\n",
       "      <td>0.008879</td>\n",
       "      <td>-0.035526</td>\n",
       "    </tr>\n",
       "    <tr>\n",
       "      <th>wa</th>\n",
       "      <td>-0.004507</td>\n",
       "      <td>-0.000809</td>\n",
       "      <td>-0.000255</td>\n",
       "      <td>0.003777</td>\n",
       "      <td>0.004936</td>\n",
       "      <td>-0.036516</td>\n",
       "      <td>0.036270</td>\n",
       "      <td>-0.035526</td>\n",
       "      <td>0.166589</td>\n",
       "    </tr>\n",
       "  </tbody>\n",
       "</table>\n",
       "</div>"
      ],
      "text/plain": [
       "          omega_m0  omega_b0         h       n_s   sigma_8      m_nu  \\\n",
       "omega_m0  0.000164  0.000026 -0.000044 -0.000146 -0.000236  0.002019   \n",
       "omega_b0  0.000026  0.000012  0.000007 -0.000032 -0.000010 -0.000048   \n",
       "h        -0.000044  0.000007  0.000161  0.000022  0.000283 -0.002846   \n",
       "n_s      -0.000146 -0.000032  0.000022  0.000255  0.000148 -0.000446   \n",
       "sigma_8  -0.000236 -0.000010  0.000283  0.000148  0.000715 -0.007084   \n",
       "m_nu      0.002019 -0.000048 -0.002846 -0.000446 -0.007084  0.080542   \n",
       "N_eff    -0.003218 -0.000592  0.005799  0.003495  0.011882 -0.114024   \n",
       "w0        0.001049  0.000189 -0.000136 -0.000929 -0.001267  0.008171   \n",
       "wa       -0.004507 -0.000809 -0.000255  0.003777  0.004936 -0.036516   \n",
       "\n",
       "             N_eff        w0        wa  \n",
       "omega_m0 -0.003218  0.001049 -0.004507  \n",
       "omega_b0 -0.000592  0.000189 -0.000809  \n",
       "h         0.005799 -0.000136 -0.000255  \n",
       "n_s       0.003495 -0.000929  0.003777  \n",
       "sigma_8   0.011882 -0.001267  0.004936  \n",
       "m_nu     -0.114024  0.008171 -0.036516  \n",
       "N_eff     0.309502 -0.012701  0.036270  \n",
       "w0       -0.012701  0.008879 -0.035526  \n",
       "wa        0.036270 -0.035526  0.166589  "
      ]
     },
     "execution_count": 7,
     "metadata": {},
     "output_type": "execute_result"
    }
   ],
   "source": [
    "cov1=pd.DataFrame(np.linalg.inv(fisher1.values),index=settings.var_name,columns=settings.var_name)\n",
    "cov1"
   ]
  },
  {
   "cell_type": "code",
   "execution_count": 8,
   "metadata": {},
   "outputs": [
    {
     "name": "stdout",
     "output_type": "stream",
     "text": [
      "1-sigma errors:\n",
      "-- omega_m0: 1.3e-02\n",
      "-- omega_b0: 3.4e-03\n",
      "--        h: 1.3e-02\n",
      "--      n_s: 1.6e-02\n",
      "--  sigma_8: 2.7e-02\n",
      "--     m_nu: 2.8e-01\n",
      "--    N_eff: 5.6e-01\n",
      "--       w0: 9.4e-02\n",
      "--       wa: 4.1e-01\n"
     ]
    }
   ],
   "source": [
    "name_width=max([len(v) for v in settings.var_name])\n",
    "error_dict=dict(zip(settings.var_name,np.sqrt(np.diag(cov1.values))))\n",
    "print('1-sigma errors:')\n",
    "for key in error_dict.keys():\n",
    "    print(f'-- {key.rjust(name_width)}: {error_dict[key]:.1e}')"
   ]
  },
  {
   "cell_type": "markdown",
   "metadata": {},
   "source": [
    "# + CMB-S4 + LiteBIRD"
   ]
  },
  {
   "cell_type": "code",
   "execution_count": 9,
   "metadata": {},
   "outputs": [
    {
     "data": {
      "application/vnd.microsoft.datawrangler.viewer.v0+json": {
       "columns": [
        {
         "name": "index",
         "rawType": "object",
         "type": "string"
        },
        {
         "name": "omega_m0",
         "rawType": "float64",
         "type": "float"
        },
        {
         "name": "omega_b0",
         "rawType": "float64",
         "type": "float"
        },
        {
         "name": "h",
         "rawType": "float64",
         "type": "float"
        },
        {
         "name": "n_s",
         "rawType": "float64",
         "type": "float"
        },
        {
         "name": "sigma_8",
         "rawType": "float64",
         "type": "float"
        },
        {
         "name": "m_nu",
         "rawType": "float64",
         "type": "float"
        },
        {
         "name": "N_eff",
         "rawType": "float64",
         "type": "float"
        },
        {
         "name": "tau",
         "rawType": "float64",
         "type": "float"
        },
        {
         "name": "w0",
         "rawType": "float64",
         "type": "float"
        },
        {
         "name": "wa",
         "rawType": "float64",
         "type": "float"
        }
       ],
       "conversionMethod": "pd.DataFrame",
       "ref": "88294902-6a46-48f7-8875-e4d33ecab5ea",
       "rows": [
        [
         "omega_m0",
         "185128827.2032204",
         "-692898147.965669",
         "137105704.1822474",
         "-4740935.5909728",
         "-57824336.49902042",
         "-12447147.39915775",
         "-6589565.032637624",
         "44850335.90973126",
         "1850758.676345401",
         "113623.7762489748"
        ],
        [
         "omega_b0",
         "-692898147.965669",
         "3023402063.7132",
         "-458354152.9478175",
         "32060982.8601459",
         "222609446.857868",
         "47145032.98248264",
         "23282304.91692092",
         "-171421945.9644465",
         "-7598366.941132234",
         "-577001.0976232829"
        ],
        [
         "h",
         "137105704.1822474",
         "-458354152.9478175",
         "112570195.9145628",
         "-1894717.528196103",
         "-38173852.29402938",
         "-7840065.595027551",
         "-5484485.3914593",
         "29626603.15036413",
         "3552607.696506803",
         "706066.2423816043"
        ],
        [
         "n_s",
         "-4740935.5909728",
         "32060982.8601459",
         "-1894717.528196103",
         "1046894.876764914",
         "1665062.528972976",
         "314995.9056964207",
         "112570.0547995077",
         "-1284038.782650934",
         "-136068.6251404728",
         "-25864.90841879048"
        ],
        [
         "sigma_8",
         "-57824336.49902042",
         "222609446.857868",
         "-38173852.29402937",
         "1665062.528972976",
         "22361670.04211807",
         "5252308.014423977",
         "1591678.691991868",
         "-17311887.25329487",
         "1719658.543695215",
         "615137.948390104"
        ],
        [
         "m_nu",
         "-12447147.39915775",
         "47145032.98248264",
         "-7840065.595027551",
         "314995.9056964208",
         "5252308.014423977",
         "1282974.971498364",
         "294682.0272687076",
         "-4090355.805696196",
         "636982.0494556346",
         "207844.8676078545"
        ],
        [
         "N_eff",
         "-6589565.032637624",
         "23282304.91692092",
         "-5484485.3914593",
         "112570.0547995077",
         "1591678.691991868",
         "294682.0272687076",
         "288494.3636698526",
         "-1230549.691288918",
         "-314171.6836654741",
         "-74443.62774460834"
        ],
        [
         "tau",
         "44850335.90973125",
         "-171421945.9644465",
         "29626603.15036413",
         "-1284038.782650934",
         "-17311887.25329487",
         "-4090355.805696196",
         "-1230549.691288918",
         "13743610.01478225",
         "-1374591.952840707",
         "-488745.1873570743"
        ],
        [
         "w0",
         "1850758.676345401",
         "-7598366.941132233",
         "3552607.696506803",
         "-136068.6251404728",
         "1719658.543695215",
         "636982.0494556346",
         "-314171.6836654741",
         "-1374591.952840707",
         "1329265.687606041",
         "371850.3956049974"
        ],
        [
         "wa",
         "113623.7762489748",
         "-577001.0976232829",
         "706066.2423816042",
         "-25864.90841879048",
         "615137.948390104",
         "207844.8676078545",
         "-74443.62774460834",
         "-488745.1873570743",
         "371850.3956049974",
         "104924.4609376661"
        ]
       ],
       "shape": {
        "columns": 10,
        "rows": 10
       }
      },
      "text/html": [
       "<div>\n",
       "<style scoped>\n",
       "    .dataframe tbody tr th:only-of-type {\n",
       "        vertical-align: middle;\n",
       "    }\n",
       "\n",
       "    .dataframe tbody tr th {\n",
       "        vertical-align: top;\n",
       "    }\n",
       "\n",
       "    .dataframe thead th {\n",
       "        text-align: right;\n",
       "    }\n",
       "</style>\n",
       "<table border=\"1\" class=\"dataframe\">\n",
       "  <thead>\n",
       "    <tr style=\"text-align: right;\">\n",
       "      <th></th>\n",
       "      <th>omega_m0</th>\n",
       "      <th>omega_b0</th>\n",
       "      <th>h</th>\n",
       "      <th>n_s</th>\n",
       "      <th>sigma_8</th>\n",
       "      <th>m_nu</th>\n",
       "      <th>N_eff</th>\n",
       "      <th>tau</th>\n",
       "      <th>w0</th>\n",
       "      <th>wa</th>\n",
       "    </tr>\n",
       "  </thead>\n",
       "  <tbody>\n",
       "    <tr>\n",
       "      <th>omega_m0</th>\n",
       "      <td>1.851288e+08</td>\n",
       "      <td>-6.928981e+08</td>\n",
       "      <td>1.371057e+08</td>\n",
       "      <td>-4.740936e+06</td>\n",
       "      <td>-5.782434e+07</td>\n",
       "      <td>-1.244715e+07</td>\n",
       "      <td>-6.589565e+06</td>\n",
       "      <td>4.485034e+07</td>\n",
       "      <td>1.850759e+06</td>\n",
       "      <td>113623.776249</td>\n",
       "    </tr>\n",
       "    <tr>\n",
       "      <th>omega_b0</th>\n",
       "      <td>-6.928981e+08</td>\n",
       "      <td>3.023402e+09</td>\n",
       "      <td>-4.583542e+08</td>\n",
       "      <td>3.206098e+07</td>\n",
       "      <td>2.226094e+08</td>\n",
       "      <td>4.714503e+07</td>\n",
       "      <td>2.328230e+07</td>\n",
       "      <td>-1.714219e+08</td>\n",
       "      <td>-7.598367e+06</td>\n",
       "      <td>-577001.097623</td>\n",
       "    </tr>\n",
       "    <tr>\n",
       "      <th>h</th>\n",
       "      <td>1.371057e+08</td>\n",
       "      <td>-4.583542e+08</td>\n",
       "      <td>1.125702e+08</td>\n",
       "      <td>-1.894718e+06</td>\n",
       "      <td>-3.817385e+07</td>\n",
       "      <td>-7.840066e+06</td>\n",
       "      <td>-5.484485e+06</td>\n",
       "      <td>2.962660e+07</td>\n",
       "      <td>3.552608e+06</td>\n",
       "      <td>706066.242382</td>\n",
       "    </tr>\n",
       "    <tr>\n",
       "      <th>n_s</th>\n",
       "      <td>-4.740936e+06</td>\n",
       "      <td>3.206098e+07</td>\n",
       "      <td>-1.894718e+06</td>\n",
       "      <td>1.046895e+06</td>\n",
       "      <td>1.665063e+06</td>\n",
       "      <td>3.149959e+05</td>\n",
       "      <td>1.125701e+05</td>\n",
       "      <td>-1.284039e+06</td>\n",
       "      <td>-1.360686e+05</td>\n",
       "      <td>-25864.908419</td>\n",
       "    </tr>\n",
       "    <tr>\n",
       "      <th>sigma_8</th>\n",
       "      <td>-5.782434e+07</td>\n",
       "      <td>2.226094e+08</td>\n",
       "      <td>-3.817385e+07</td>\n",
       "      <td>1.665063e+06</td>\n",
       "      <td>2.236167e+07</td>\n",
       "      <td>5.252308e+06</td>\n",
       "      <td>1.591679e+06</td>\n",
       "      <td>-1.731189e+07</td>\n",
       "      <td>1.719659e+06</td>\n",
       "      <td>615137.948390</td>\n",
       "    </tr>\n",
       "    <tr>\n",
       "      <th>m_nu</th>\n",
       "      <td>-1.244715e+07</td>\n",
       "      <td>4.714503e+07</td>\n",
       "      <td>-7.840066e+06</td>\n",
       "      <td>3.149959e+05</td>\n",
       "      <td>5.252308e+06</td>\n",
       "      <td>1.282975e+06</td>\n",
       "      <td>2.946820e+05</td>\n",
       "      <td>-4.090356e+06</td>\n",
       "      <td>6.369820e+05</td>\n",
       "      <td>207844.867608</td>\n",
       "    </tr>\n",
       "    <tr>\n",
       "      <th>N_eff</th>\n",
       "      <td>-6.589565e+06</td>\n",
       "      <td>2.328230e+07</td>\n",
       "      <td>-5.484485e+06</td>\n",
       "      <td>1.125701e+05</td>\n",
       "      <td>1.591679e+06</td>\n",
       "      <td>2.946820e+05</td>\n",
       "      <td>2.884944e+05</td>\n",
       "      <td>-1.230550e+06</td>\n",
       "      <td>-3.141717e+05</td>\n",
       "      <td>-74443.627745</td>\n",
       "    </tr>\n",
       "    <tr>\n",
       "      <th>tau</th>\n",
       "      <td>4.485034e+07</td>\n",
       "      <td>-1.714219e+08</td>\n",
       "      <td>2.962660e+07</td>\n",
       "      <td>-1.284039e+06</td>\n",
       "      <td>-1.731189e+07</td>\n",
       "      <td>-4.090356e+06</td>\n",
       "      <td>-1.230550e+06</td>\n",
       "      <td>1.374361e+07</td>\n",
       "      <td>-1.374592e+06</td>\n",
       "      <td>-488745.187357</td>\n",
       "    </tr>\n",
       "    <tr>\n",
       "      <th>w0</th>\n",
       "      <td>1.850759e+06</td>\n",
       "      <td>-7.598367e+06</td>\n",
       "      <td>3.552608e+06</td>\n",
       "      <td>-1.360686e+05</td>\n",
       "      <td>1.719659e+06</td>\n",
       "      <td>6.369820e+05</td>\n",
       "      <td>-3.141717e+05</td>\n",
       "      <td>-1.374592e+06</td>\n",
       "      <td>1.329266e+06</td>\n",
       "      <td>371850.395605</td>\n",
       "    </tr>\n",
       "    <tr>\n",
       "      <th>wa</th>\n",
       "      <td>1.136238e+05</td>\n",
       "      <td>-5.770011e+05</td>\n",
       "      <td>7.060662e+05</td>\n",
       "      <td>-2.586491e+04</td>\n",
       "      <td>6.151379e+05</td>\n",
       "      <td>2.078449e+05</td>\n",
       "      <td>-7.444363e+04</td>\n",
       "      <td>-4.887452e+05</td>\n",
       "      <td>3.718504e+05</td>\n",
       "      <td>104924.460938</td>\n",
       "    </tr>\n",
       "  </tbody>\n",
       "</table>\n",
       "</div>"
      ],
      "text/plain": [
       "              omega_m0      omega_b0             h           n_s  \\\n",
       "omega_m0  1.851288e+08 -6.928981e+08  1.371057e+08 -4.740936e+06   \n",
       "omega_b0 -6.928981e+08  3.023402e+09 -4.583542e+08  3.206098e+07   \n",
       "h         1.371057e+08 -4.583542e+08  1.125702e+08 -1.894718e+06   \n",
       "n_s      -4.740936e+06  3.206098e+07 -1.894718e+06  1.046895e+06   \n",
       "sigma_8  -5.782434e+07  2.226094e+08 -3.817385e+07  1.665063e+06   \n",
       "m_nu     -1.244715e+07  4.714503e+07 -7.840066e+06  3.149959e+05   \n",
       "N_eff    -6.589565e+06  2.328230e+07 -5.484485e+06  1.125701e+05   \n",
       "tau       4.485034e+07 -1.714219e+08  2.962660e+07 -1.284039e+06   \n",
       "w0        1.850759e+06 -7.598367e+06  3.552608e+06 -1.360686e+05   \n",
       "wa        1.136238e+05 -5.770011e+05  7.060662e+05 -2.586491e+04   \n",
       "\n",
       "               sigma_8          m_nu         N_eff           tau  \\\n",
       "omega_m0 -5.782434e+07 -1.244715e+07 -6.589565e+06  4.485034e+07   \n",
       "omega_b0  2.226094e+08  4.714503e+07  2.328230e+07 -1.714219e+08   \n",
       "h        -3.817385e+07 -7.840066e+06 -5.484485e+06  2.962660e+07   \n",
       "n_s       1.665063e+06  3.149959e+05  1.125701e+05 -1.284039e+06   \n",
       "sigma_8   2.236167e+07  5.252308e+06  1.591679e+06 -1.731189e+07   \n",
       "m_nu      5.252308e+06  1.282975e+06  2.946820e+05 -4.090356e+06   \n",
       "N_eff     1.591679e+06  2.946820e+05  2.884944e+05 -1.230550e+06   \n",
       "tau      -1.731189e+07 -4.090356e+06 -1.230550e+06  1.374361e+07   \n",
       "w0        1.719659e+06  6.369820e+05 -3.141717e+05 -1.374592e+06   \n",
       "wa        6.151379e+05  2.078449e+05 -7.444363e+04 -4.887452e+05   \n",
       "\n",
       "                    w0             wa  \n",
       "omega_m0  1.850759e+06  113623.776249  \n",
       "omega_b0 -7.598367e+06 -577001.097623  \n",
       "h         3.552608e+06  706066.242382  \n",
       "n_s      -1.360686e+05  -25864.908419  \n",
       "sigma_8   1.719659e+06  615137.948390  \n",
       "m_nu      6.369820e+05  207844.867608  \n",
       "N_eff    -3.141717e+05  -74443.627745  \n",
       "tau      -1.374592e+06 -488745.187357  \n",
       "w0        1.329266e+06  371850.395605  \n",
       "wa        3.718504e+05  104924.460938  "
      ]
     },
     "execution_count": 9,
     "metadata": {},
     "output_type": "execute_result"
    }
   ],
   "source": [
    "cmb_fisher=var_filter(pd.read_excel('../data/CMB/all.xlsx',header=0,index_col=0),lcdm=False,neff_fixed=False)\n",
    "cmb_fisher"
   ]
  },
  {
   "cell_type": "code",
   "execution_count": 10,
   "metadata": {},
   "outputs": [
    {
     "data": {
      "application/vnd.microsoft.datawrangler.viewer.v0+json": {
       "columns": [
        {
         "name": "index",
         "rawType": "object",
         "type": "string"
        },
        {
         "name": "omega_m0",
         "rawType": "float64",
         "type": "float"
        },
        {
         "name": "omega_b0",
         "rawType": "float64",
         "type": "float"
        },
        {
         "name": "h",
         "rawType": "float64",
         "type": "float"
        },
        {
         "name": "n_s",
         "rawType": "float64",
         "type": "float"
        },
        {
         "name": "sigma_8",
         "rawType": "float64",
         "type": "float"
        },
        {
         "name": "m_nu",
         "rawType": "float64",
         "type": "float"
        },
        {
         "name": "N_eff",
         "rawType": "float64",
         "type": "float"
        },
        {
         "name": "w0",
         "rawType": "float64",
         "type": "float"
        },
        {
         "name": "wa",
         "rawType": "float64",
         "type": "float"
        }
       ],
