{
 "cells": [
  {
   "cell_type": "code",
   "execution_count": 1,
   "metadata": {},
   "outputs": [],
   "source": [
    "import numpy as np\n",
    "import pandas as pd\n",
    "from starfish.plot import *"
   ]
  },
  {
   "cell_type": "code",
   "execution_count": 2,
   "metadata": {},
   "outputs": [
    {
     "data": {
      "text/plain": [
       "[0.32, 0.049, 0.67, 0.96, 0.81, 0.06, 3.044, -0.758, -0.82]"
      ]
     },
     "execution_count": 2,
     "metadata": {},
     "output_type": "execute_result"
    }
   ],
   "source": [
    "from starfish.set import settings\n",
    "settings.cosmo_value"
   ]
  },
  {
   "cell_type": "code",
   "execution_count": 3,
   "metadata": {},
   "outputs": [],
   "source": [
    "def var_filter(fisher,lcdm,neff_fixed):\n",
    "    df=fisher.copy()\n",
    "    if lcdm:\n",
    "        df=df.drop('w0',axis=0)\n",
    "        df=df.drop('w0',axis=1)\n",
    "        df=df.drop('wa',axis=0)\n",
    "        df=df.drop('wa',axis=1)\n",
    "    if neff_fixed:\n",
    "        df=df.drop('N_eff',axis=0)\n",
    "        df=df.drop('N_eff',axis=1)\n",
    "\n",
    "    return df"
   ]
  },
  {
   "cell_type": "markdown",
   "metadata": {},
   "source": [
    "# nuisance parameters of different tracers/surveys should be independent of each other"
   ]
  },
  {
   "cell_type": "code",
   "execution_count": 4,
   "metadata": {},
   "outputs": [],
   "source": [
    "JPAS_multi=var_filter(pd.read_excel('../data/jpas_all/valid.xlsx',header=0,index_col=0),lcdm=False,neff_fixed=False)\n",
    "cov=pd.DataFrame(np.linalg.inv(JPAS_multi.values),index=JPAS_multi.index,columns=JPAS_multi.columns)\n",
    "JPAS_multi_valid=np.linalg.inv(cov.iloc[:settings.cosmo_num,:settings.cosmo_num].values)"
   ]
  },
  {
   "cell_type": "code",
   "execution_count": 5,
   "metadata": {},
   "outputs": [],
   "source": [
    "DESI_multi=var_filter(pd.read_excel('../data/DESI_all/valid.xlsx',header=0,index_col=0),lcdm=False,neff_fixed=False)\n",
    "cov=pd.DataFrame(np.linalg.inv(DESI_multi.values),index=DESI_multi.index,columns=DESI_multi.columns)\n",
    "DESI_multi_valid=np.linalg.inv(cov.iloc[:settings.cosmo_num,:settings.cosmo_num].values)"
   ]
  },
  {
   "cell_type": "code",
   "execution_count": 6,
   "metadata": {},
   "outputs": [],
   "source": [
    "PFS_ELG=var_filter(pd.read_excel('../data/PFS/fisher.xlsx',header=0,index_col=0),lcdm=False,neff_fixed=False)\n",
    "cov=pd.DataFrame(np.linalg.inv(PFS_ELG.values),index=PFS_ELG.index,columns=PFS_ELG.columns)\n",
    "PFS_ELG_valid=np.linalg.inv(cov.iloc[:settings.cosmo_num,:settings.cosmo_num].values)"
   ]
  },
  {
   "cell_type": "code",
   "execution_count": 7,
   "metadata": {},
   "outputs": [
    {
     "data": {
      "application/vnd.microsoft.datawrangler.viewer.v0+json": {
       "columns": [
        {
         "name": "index",
         "rawType": "object",
         "type": "string"
        },
        {
         "name": "omega_m0",
         "rawType": "float64",
         "type": "float"
        },
        {
         "name": "omega_b0",
         "rawType": "float64",
         "type": "float"
        },
        {
         "name": "h",
         "rawType": "float64",
         "type": "float"
        },
        {
         "name": "n_s",
         "rawType": "float64",
         "type": "float"
        },
        {
         "name": "sigma_8",
         "rawType": "float64",
         "type": "float"
        },
        {
         "name": "m_nu",
         "rawType": "float64",
         "type": "float"
        },
        {
         "name": "N_eff",
         "rawType": "float64",
         "type": "float"
        },
        {
         "name": "tau",
         "rawType": "float64",
         "type": "float"
        },
        {
         "name": "w0",
         "rawType": "float64",
         "type": "float"
        },
        {
         "name": "wa",
         "rawType": "float64",
         "type": "float"
        }
       ],
       "conversionMethod": "pd.DataFrame",
       "ref": "29ea73b7-9b9c-4e2e-a6e6-4cbf2452fe62",
       "rows": [
        [
         "omega_m0",
         "183263462.2172973",
         "-690028363.7085135",
         "136211157.3364885",
         "-4758041.809165712",
         "-57464445.72364189",
         "-12356919.54103419",
         "-6552094.486712468",
         "44549067.81327646",
         "2340521.296071955",
         "338416.3572458662"
        ],
        [
         "omega_b0",
         "-690028363.7085136",
         "3029247377.408856",
         "-457608018.1746358",
         "32252610.62350188",
         "223039436.2764482",
         "47229957.04432949",
         "23242409.41245245",
         "-171644950.7877054",
         "-9264715.732167479",
         "-1364850.91401348"
        ],
        [
         "h",
         "136211157.3364885",
         "-457608018.1746358",
         "112075129.7679162",
         "-1915047.001719781",
         "-38131002.56042391",
         "-7835262.707962726",
         "-5457936.244053065",
         "29583431.2794694",
         "3655445.366674128",
         "748678.0524112384"
        ],
        [
         "n_s",
         "-4758041.809165712",
         "32252610.62350187",
         "-1915047.001719783",
         "1048669.440032667",
         "1680654.917546056",
         "318169.9970535817",
         "113521.7920791233",
         "-1294412.205567126",
         "-142884.5957050023",
         "-28538.92300987191"
        ],
        [
         "sigma_8",
         "-57464445.72364189",
         "223039436.2764482",
         "-38131002.56042391",
         "1680654.917546056",
         "22366783.89713379",
         "5249880.518372671",
         "1590899.741068214",
         "-17307477.90959779",
         "1355248.186992848",
         "433025.4856837429"
        ],
        [
         "m_nu",
         "-12356919.54103419",
         "47229957.04432949",
         "-7835262.707962726",
         "318169.9970535817",
         "5249880.518372671",
         "1281325.387135033",
         "294916.8015481419",
         "-4086739.665400695",
         "532405.5943472488",
         "155215.9934330436"
        ],
        [
         "N_eff",
         "-6552094.486712468",
         "23242409.41245245",
         "-5457936.244053065",
         "113521.7920791233",
         "1590899.741068214",
         "294916.8015481419",
         "286985.3377344949",
         "-1229445.869668042",
         "-305186.4200093782",
         "-69322.8282606218"
        ],
        [
         "tau",
         "44549067.81327646",
         "-171644950.7877054",
         "29583431.2794694",
         "-1294412.205567126",
         "-17307477.90959779",
         "-4086739.665400695",
         "-1229445.869668042",
         "13732238.43392329",
         "-1087846.08175756",
         "-345324.3819125487"
        ],
        [
         "w0",
         "2340521.296071955",
         "-9264715.732167479",
         "3655445.366674128",
         "-142884.5957050024",
         "1355248.186992848",
         "532405.5943472488",
         "-305186.4200093782",
         "-1087846.08175756",
         "1102818.894434777",
         "280917.6582588389"
        ],
        [
         "wa",
         "338416.3572458662",
         "-1364850.914013479",
         "748678.0524112384",
         "-28538.92300987191",
         "433025.4856837429",
         "155215.9934330436",
         "-69322.8282606218",
         "-345324.3819125487",
         "280917.6582588389",
         "71933.39440612777"
        ]
       ],
       "shape": {
        "columns": 10,
        "rows": 10
       }
      },
      "text/html": [
       "<div>\n",
       "<style scoped>\n",
       "    .dataframe tbody tr th:only-of-type {\n",
       "        vertical-align: middle;\n",
       "    }\n",
       "\n",
       "    .dataframe tbody tr th {\n",
       "        vertical-align: top;\n",
       "    }\n",
       "\n",
       "    .dataframe thead th {\n",
       "        text-align: right;\n",
       "    }\n",
       "</style>\n",
       "<table border=\"1\" class=\"dataframe\">\n",
       "  <thead>\n",
       "    <tr style=\"text-align: right;\">\n",
       "      <th></th>\n",
       "      <th>omega_m0</th>\n",
       "      <th>omega_b0</th>\n",
       "      <th>h</th>\n",
       "      <th>n_s</th>\n",
       "      <th>sigma_8</th>\n",
       "      <th>m_nu</th>\n",
       "      <th>N_eff</th>\n",
       "      <th>tau</th>\n",
       "      <th>w0</th>\n",
       "      <th>wa</th>\n",
       "    </tr>\n",
       "  </thead>\n",
       "  <tbody>\n",
       "    <tr>\n",
       "      <th>omega_m0</th>\n",
       "      <td>1.832635e+08</td>\n",
       "      <td>-6.900284e+08</td>\n",
       "      <td>1.362112e+08</td>\n",
       "      <td>-4.758042e+06</td>\n",
       "      <td>-5.746445e+07</td>\n",
       "      <td>-1.235692e+07</td>\n",
       "      <td>-6.552094e+06</td>\n",
       "      <td>4.454907e+07</td>\n",
       "      <td>2.340521e+06</td>\n",
       "      <td>3.384164e+05</td>\n",
       "    </tr>\n",
       "    <tr>\n",
       "      <th>omega_b0</th>\n",
       "      <td>-6.900284e+08</td>\n",
       "      <td>3.029247e+09</td>\n",
       "      <td>-4.576080e+08</td>\n",
       "      <td>3.225261e+07</td>\n",
       "      <td>2.230394e+08</td>\n",
       "      <td>4.722996e+07</td>\n",
       "      <td>2.324241e+07</td>\n",
       "      <td>-1.716450e+08</td>\n",
       "      <td>-9.264716e+06</td>\n",
       "      <td>-1.364851e+06</td>\n",
       "    </tr>\n",
       "    <tr>\n",
       "      <th>h</th>\n",
       "      <td>1.362112e+08</td>\n",
       "      <td>-4.576080e+08</td>\n",
       "      <td>1.120751e+08</td>\n",
       "      <td>-1.915047e+06</td>\n",
       "      <td>-3.813100e+07</td>\n",
       "      <td>-7.835263e+06</td>\n",
       "      <td>-5.457936e+06</td>\n",
       "      <td>2.958343e+07</td>\n",
       "      <td>3.655445e+06</td>\n",
       "      <td>7.486781e+05</td>\n",
       "    </tr>\n",
       "    <tr>\n",
       "      <th>n_s</th>\n",
       "      <td>-4.758042e+06</td>\n",
       "      <td>3.225261e+07</td>\n",
       "      <td>-1.915047e+06</td>\n",
       "      <td>1.048669e+06</td>\n",
       "      <td>1.680655e+06</td>\n",
       "      <td>3.181700e+05</td>\n",
       "      <td>1.135218e+05</td>\n",
       "      <td>-1.294412e+06</td>\n",
       "      <td>-1.428846e+05</td>\n",
       "      <td>-2.853892e+04</td>\n",
       "    </tr>\n",
       "    <tr>\n",
       "      <th>sigma_8</th>\n",
       "      <td>-5.746445e+07</td>\n",
       "      <td>2.230394e+08</td>\n",
       "      <td>-3.813100e+07</td>\n",
       "      <td>1.680655e+06</td>\n",
       "      <td>2.236678e+07</td>\n",
       "      <td>5.249881e+06</td>\n",
       "      <td>1.590900e+06</td>\n",
       "      <td>-1.730748e+07</td>\n",
       "      <td>1.355248e+06</td>\n",
       "      <td>4.330255e+05</td>\n",
       "    </tr>\n",
       "    <tr>\n",
       "      <th>m_nu</th>\n",
       "      <td>-1.235692e+07</td>\n",
       "      <td>4.722996e+07</td>\n",
       "      <td>-7.835263e+06</td>\n",
       "      <td>3.181700e+05</td>\n",
       "      <td>5.249881e+06</td>\n",
       "      <td>1.281325e+06</td>\n",
       "      <td>2.949168e+05</td>\n",
       "      <td>-4.086740e+06</td>\n",
       "      <td>5.324056e+05</td>\n",
       "      <td>1.552160e+05</td>\n",
       "    </tr>\n",
       "    <tr>\n",
       "      <th>N_eff</th>\n",
       "      <td>-6.552094e+06</td>\n",
       "      <td>2.324241e+07</td>\n",
       "      <td>-5.457936e+06</td>\n",
       "      <td>1.135218e+05</td>\n",
       "      <td>1.590900e+06</td>\n",
       "      <td>2.949168e+05</td>\n",
       "      <td>2.869853e+05</td>\n",
       "      <td>-1.229446e+06</td>\n",
       "      <td>-3.051864e+05</td>\n",
       "      <td>-6.932283e+04</td>\n",
       "    </tr>\n",
       "    <tr>\n",
       "      <th>tau</th>\n",
       "      <td>4.454907e+07</td>\n",
       "      <td>-1.716450e+08</td>\n",
       "      <td>2.958343e+07</td>\n",
       "      <td>-1.294412e+06</td>\n",
       "      <td>-1.730748e+07</td>\n",
       "      <td>-4.086740e+06</td>\n",
       "      <td>-1.229446e+06</td>\n",
       "      <td>1.373224e+07</td>\n",
       "      <td>-1.087846e+06</td>\n",
       "      <td>-3.453244e+05</td>\n",
       "    </tr>\n",
       "    <tr>\n",
       "      <th>w0</th>\n",
       "      <td>2.340521e+06</td>\n",
       "      <td>-9.264716e+06</td>\n",
       "      <td>3.655445e+06</td>\n",
       "      <td>-1.428846e+05</td>\n",
       "      <td>1.355248e+06</td>\n",
       "      <td>5.324056e+05</td>\n",
       "      <td>-3.051864e+05</td>\n",
       "      <td>-1.087846e+06</td>\n",
       "      <td>1.102819e+06</td>\n",
       "      <td>2.809177e+05</td>\n",
       "    </tr>\n",
       "    <tr>\n",
       "      <th>wa</th>\n",
       "      <td>3.384164e+05</td>\n",
       "      <td>-1.364851e+06</td>\n",
       "      <td>7.486781e+05</td>\n",
       "      <td>-2.853892e+04</td>\n",
       "      <td>4.330255e+05</td>\n",
       "      <td>1.552160e+05</td>\n",
       "      <td>-6.932283e+04</td>\n",
       "      <td>-3.453244e+05</td>\n",
       "      <td>2.809177e+05</td>\n",
       "      <td>7.193339e+04</td>\n",
       "    </tr>\n",
       "  </tbody>\n",
       "</table>\n",
       "</div>"
      ],
      "text/plain": [
       "              omega_m0      omega_b0             h           n_s  \\\n",
       "omega_m0  1.832635e+08 -6.900284e+08  1.362112e+08 -4.758042e+06   \n",
       "omega_b0 -6.900284e+08  3.029247e+09 -4.576080e+08  3.225261e+07   \n",
       "h         1.362112e+08 -4.576080e+08  1.120751e+08 -1.915047e+06   \n",
       "n_s      -4.758042e+06  3.225261e+07 -1.915047e+06  1.048669e+06   \n",
       "sigma_8  -5.746445e+07  2.230394e+08 -3.813100e+07  1.680655e+06   \n",
       "m_nu     -1.235692e+07  4.722996e+07 -7.835263e+06  3.181700e+05   \n",
       "N_eff    -6.552094e+06  2.324241e+07 -5.457936e+06  1.135218e+05   \n",
       "tau       4.454907e+07 -1.716450e+08  2.958343e+07 -1.294412e+06   \n",
       "w0        2.340521e+06 -9.264716e+06  3.655445e+06 -1.428846e+05   \n",
       "wa        3.384164e+05 -1.364851e+06  7.486781e+05 -2.853892e+04   \n",
       "\n",
       "               sigma_8          m_nu         N_eff           tau  \\\n",
       "omega_m0 -5.746445e+07 -1.235692e+07 -6.552094e+06  4.454907e+07   \n",
       "omega_b0  2.230394e+08  4.722996e+07  2.324241e+07 -1.716450e+08   \n",
       "h        -3.813100e+07 -7.835263e+06 -5.457936e+06  2.958343e+07   \n",
       "n_s       1.680655e+06  3.181700e+05  1.135218e+05 -1.294412e+06   \n",
       "sigma_8   2.236678e+07  5.249881e+06  1.590900e+06 -1.730748e+07   \n",
       "m_nu      5.249881e+06  1.281325e+06  2.949168e+05 -4.086740e+06   \n",
       "N_eff     1.590900e+06  2.949168e+05  2.869853e+05 -1.229446e+06   \n",
       "tau      -1.730748e+07 -4.086740e+06 -1.229446e+06  1.373224e+07   \n",
       "w0        1.355248e+06  5.324056e+05 -3.051864e+05 -1.087846e+06   \n",
       "wa        4.330255e+05  1.552160e+05 -6.932283e+04 -3.453244e+05   \n",
       "\n",
       "                    w0            wa  \n",
       "omega_m0  2.340521e+06  3.384164e+05  \n",
       "omega_b0 -9.264716e+06 -1.364851e+06  \n",
       "h         3.655445e+06  7.486781e+05  \n",
       "n_s      -1.428846e+05 -2.853892e+04  \n",
       "sigma_8   1.355248e+06  4.330255e+05  \n",
       "m_nu      5.324056e+05  1.552160e+05  \n",
       "N_eff    -3.051864e+05 -6.932283e+04  \n",
       "tau      -1.087846e+06 -3.453244e+05  \n",
       "w0        1.102819e+06  2.809177e+05  \n",
       "wa        2.809177e+05  7.193339e+04  "
      ]
     },
     "execution_count": 7,
     "metadata": {},
     "output_type": "execute_result"
    }
   ],
   "source": [
    "cmb_fisher=var_filter(pd.read_excel('../data/CMB/all.xlsx',header=0,index_col=0),lcdm=False,neff_fixed=False)\n",
    "cmb_fisher"
   ]
  },
  {
   "cell_type": "code",
   "execution_count": 8,
   "metadata": {},
   "outputs": [
    {
     "data": {
      "application/vnd.microsoft.datawrangler.viewer.v0+json": {
       "columns": [
        {
         "name": "index",
         "rawType": "object",
         "type": "string"
        },
        {
         "name": "omega_m0",
         "rawType": "float64",
         "type": "float"
        },
        {
         "name": "omega_b0",
         "rawType": "float64",
         "type": "float"
        },
        {
         "name": "h",
         "rawType": "float64",
         "type": "float"
        },
        {
         "name": "n_s",
         "rawType": "float64",
         "type": "float"
        },
        {
         "name": "sigma_8",
         "rawType": "float64",
         "type": "float"
        },
        {
         "name": "m_nu",
         "rawType": "float64",
         "type": "float"
        },
        {
         "name": "N_eff",
         "rawType": "float64",
         "type": "float"
        },
        {
         "name": "w0",
         "rawType": "float64",
         "type": "float"
        },
        {
         "name": "wa",
         "rawType": "float64",
         "type": "float"
        }
       ],
       "conversionMethod": "pd.DataFrame",
       "ref": "5fa4efa8-cc34-4650-90c3-9d7aba7f844d",
       "rows": [
        [
         "omega_m0",
         "38740815.57216032",
         "-133191065.22661339",
         "40238873.403415285",
         "-558809.6597353248",
         "-1316862.008082918",
         "900965.7900599488",
         "-2563621.1092272014",
         "5869627.5764737055",
         "1458691.059001885"
        ],
        [
         "omega_b0",
         "-133191065.18399225",
         "883785858.3837442",
         "-87832425.48256445",
         "16073214.934749655",
         "6706082.588934027",
         "-3851899.138930815",
         "7875054.935103668",
         "-22862155.66159342",
         "-5681203.767397424"
        ],
        [
         "h",
         "40238873.40818113",
         "-87832425.54486951",
         "48343392.935063794",
         "873511.8121377634",
         "-845414.6482450416",
         "968821.3923690344",
         "-2809334.739361233",
         "5998997.730960377",
         "1492612.13003298"
        ],
        [
         "n_s",
         "-558809.6582352703",
         "16073214.930767918",
         "873511.813888397",
         "926657.069908114",
         "49237.668167917764",
         "-67049.47964450873",
         "-2366.797262219576",
         "-245425.87116198734",
         "-61089.48615741567"
        ],
        [
         "sigma_8",
         "-1316862.0083065003",
         "6706082.589659074",
         "-845414.648491121",
         "49237.66817285526",
         "553239.5844161689",
         "99142.94403811087",
         "41363.055373797935",
         "-15822.678132934609",
         "-2205.3865821247323"
        ],
        [
         "m_nu",
         "900965.7898590771",
         "-3851899.1397481137",
         "968821.3919838042",
         "-67049.47969202316",
         "99142.9440457825",
         "65104.07165368376",
         "-70968.57296704745",
         "208660.57980934196",
         "52446.81595350013"
        ],
        [
         "N_eff",
         "-2563621.1092839674",
         "7875054.9382701805",
         "-2809334.739090233",
         "-2366.797156008992",
         "41363.05535816276",
         "-70968.57298306613",
         "176913.17777797967",
         "-402581.1660286602",
         "-100239.68407430821"
        ],
        [
         "w0",
         "5869627.576014525",
         "-22862155.667320956",
         "5998997.72964819",
         "-245425.87140643288",
         "-15822.678095106385",
         "208660.57982752603",
         "-402581.1659869013",
         "1016641.4588756146",
         "253561.6101978173"
        ],
        [
         "wa",
         "1458691.0588861783",
         "-5681203.768823183",
         "1492612.1297042582",
         "-61089.48621835789",
         "-2205.386572689838",
         "52446.815957996194",
         "-100239.68406380933",
         "253561.61019762082",
         "63249.52767786245"
        ]
       ],
       "shape": {
        "columns": 9,
        "rows": 9
       }
      },
      "text/html": [
       "<div>\n",
       "<style scoped>\n",
       "    .dataframe tbody tr th:only-of-type {\n",
       "        vertical-align: middle;\n",
       "    }\n",
       "\n",
       "    .dataframe tbody tr th {\n",
       "        vertical-align: top;\n",
       "    }\n",
       "\n",
       "    .dataframe thead th {\n",
       "        text-align: right;\n",
       "    }\n",
       "</style>\n",
       "<table border=\"1\" class=\"dataframe\">\n",
       "  <thead>\n",
       "    <tr style=\"text-align: right;\">\n",
       "      <th></th>\n",
       "      <th>omega_m0</th>\n",
       "      <th>omega_b0</th>\n",
       "      <th>h</th>\n",
       "      <th>n_s</th>\n",
       "      <th>sigma_8</th>\n",
       "      <th>m_nu</th>\n",
       "      <th>N_eff</th>\n",
       "      <th>w0</th>\n",
       "      <th>wa</th>\n",
       "    </tr>\n",
       "  </thead>\n",
       "  <tbody>\n",
       "    <tr>\n",
       "      <th>omega_m0</th>\n",
       "      <td>3.874082e+07</td>\n",
       "      <td>-1.331911e+08</td>\n",
       "      <td>4.023887e+07</td>\n",
       "      <td>-5.588097e+05</td>\n",
       "      <td>-1.316862e+06</td>\n",
       "      <td>9.009658e+05</td>\n",
       "      <td>-2.563621e+06</td>\n",
       "      <td>5.869628e+06</td>\n",
       "      <td>1.458691e+06</td>\n",
       "    </tr>\n",
       "    <tr>\n",
       "      <th>omega_b0</th>\n",
       "      <td>-1.331911e+08</td>\n",
       "      <td>8.837859e+08</td>\n",
       "      <td>-8.783243e+07</td>\n",
       "      <td>1.607321e+07</td>\n",
       "      <td>6.706083e+06</td>\n",
       "      <td>-3.851899e+06</td>\n",
       "      <td>7.875055e+06</td>\n",
       "      <td>-2.286216e+07</td>\n",
       "      <td>-5.681204e+06</td>\n",
       "    </tr>\n",
       "    <tr>\n",
       "      <th>h</th>\n",
       "      <td>4.023887e+07</td>\n",
       "      <td>-8.783243e+07</td>\n",
       "      <td>4.834339e+07</td>\n",
       "      <td>8.735118e+05</td>\n",
       "      <td>-8.454146e+05</td>\n",
       "      <td>9.688214e+05</td>\n",
       "      <td>-2.809335e+06</td>\n",
       "      <td>5.998998e+06</td>\n",
       "      <td>1.492612e+06</td>\n",
       "    </tr>\n",
       "    <tr>\n",
       "      <th>n_s</th>\n",
       "      <td>-5.588097e+05</td>\n",
       "      <td>1.607321e+07</td>\n",
       "      <td>8.735118e+05</td>\n",
       "      <td>9.266571e+05</td>\n",
       "      <td>4.923767e+04</td>\n",
       "      <td>-6.704948e+04</td>\n",
       "      <td>-2.366797e+03</td>\n",
       "      <td>-2.454259e+05</td>\n",
       "      <td>-6.108949e+04</td>\n",
       "    </tr>\n",
       "    <tr>\n",
       "      <th>sigma_8</th>\n",
       "      <td>-1.316862e+06</td>\n",
       "      <td>6.706083e+06</td>\n",
       "      <td>-8.454146e+05</td>\n",
       "      <td>4.923767e+04</td>\n",
       "      <td>5.532396e+05</td>\n",
       "      <td>9.914294e+04</td>\n",
       "      <td>4.136306e+04</td>\n",
       "      <td>-1.582268e+04</td>\n",
       "      <td>-2.205387e+03</td>\n",
       "    </tr>\n",
       "    <tr>\n",
       "      <th>m_nu</th>\n",
       "      <td>9.009658e+05</td>\n",
       "      <td>-3.851899e+06</td>\n",
       "      <td>9.688214e+05</td>\n",
       "      <td>-6.704948e+04</td>\n",
       "      <td>9.914294e+04</td>\n",
       "      <td>6.510407e+04</td>\n",
       "      <td>-7.096857e+04</td>\n",
       "      <td>2.086606e+05</td>\n",
       "      <td>5.244682e+04</td>\n",
       "    </tr>\n",
       "    <tr>\n",
       "      <th>N_eff</th>\n",
       "      <td>-2.563621e+06</td>\n",
       "      <td>7.875055e+06</td>\n",
       "      <td>-2.809335e+06</td>\n",
       "      <td>-2.366797e+03</td>\n",
       "      <td>4.136306e+04</td>\n",
       "      <td>-7.096857e+04</td>\n",
       "      <td>1.769132e+05</td>\n",
       "      <td>-4.025812e+05</td>\n",
       "      <td>-1.002397e+05</td>\n",
       "    </tr>\n",
       "    <tr>\n",
       "      <th>w0</th>\n",
       "      <td>5.869628e+06</td>\n",
       "      <td>-2.286216e+07</td>\n",
       "      <td>5.998998e+06</td>\n",
       "      <td>-2.454259e+05</td>\n",
       "      <td>-1.582268e+04</td>\n",
       "      <td>2.086606e+05</td>\n",
       "      <td>-4.025812e+05</td>\n",
       "      <td>1.016641e+06</td>\n",
       "      <td>2.535616e+05</td>\n",
       "    </tr>\n",
       "    <tr>\n",
       "      <th>wa</th>\n",
       "      <td>1.458691e+06</td>\n",
       "      <td>-5.681204e+06</td>\n",
       "      <td>1.492612e+06</td>\n",
       "      <td>-6.108949e+04</td>\n",
       "      <td>-2.205387e+03</td>\n",
       "      <td>5.244682e+04</td>\n",
       "      <td>-1.002397e+05</td>\n",
       "      <td>2.535616e+05</td>\n",
       "      <td>6.324953e+04</td>\n",
       "    </tr>\n",
       "  </tbody>\n",
       "</table>\n",
       "</div>"
      ],
      "text/plain": [
       "              omega_m0      omega_b0             h           n_s  \\\n",
       "omega_m0  3.874082e+07 -1.331911e+08  4.023887e+07 -5.588097e+05   \n",
       "omega_b0 -1.331911e+08  8.837859e+08 -8.783243e+07  1.607321e+07   \n",
       "h         4.023887e+07 -8.783243e+07  4.834339e+07  8.735118e+05   \n",
       "n_s      -5.588097e+05  1.607321e+07  8.735118e+05  9.266571e+05   \n",
       "sigma_8  -1.316862e+06  6.706083e+06 -8.454146e+05  4.923767e+04   \n",
       "m_nu      9.009658e+05 -3.851899e+06  9.688214e+05 -6.704948e+04   \n",
       "N_eff    -2.563621e+06  7.875055e+06 -2.809335e+06 -2.366797e+03   \n",
       "w0        5.869628e+06 -2.286216e+07  5.998998e+06 -2.454259e+05   \n",
       "wa        1.458691e+06 -5.681204e+06  1.492612e+06 -6.108949e+04   \n",
       "\n",
       "               sigma_8          m_nu         N_eff            w0            wa  \n",
       "omega_m0 -1.316862e+06  9.009658e+05 -2.563621e+06  5.869628e+06  1.458691e+06  \n",
       "omega_b0  6.706083e+06 -3.851899e+06  7.875055e+06 -2.286216e+07 -5.681204e+06  \n",
       "h        -8.454146e+05  9.688214e+05 -2.809335e+06  5.998998e+06  1.492612e+06  \n",
       "n_s       4.923767e+04 -6.704948e+04 -2.366797e+03 -2.454259e+05 -6.108949e+04  \n",
       "sigma_8   5.532396e+05  9.914294e+04  4.136306e+04 -1.582268e+04 -2.205387e+03  \n",
       "m_nu      9.914294e+04  6.510407e+04 -7.096857e+04  2.086606e+05  5.244682e+04  \n",
       "N_eff     4.136306e+04 -7.096857e+04  1.769132e+05 -4.025812e+05 -1.002397e+05  \n",
       "w0       -1.582268e+04  2.086606e+05 -4.025812e+05  1.016641e+06  2.535616e+05  \n",
       "wa       -2.205387e+03  5.244682e+04 -1.002397e+05  2.535616e+05  6.324953e+04  "
      ]
     },
     "execution_count": 8,
     "metadata": {},
     "output_type": "execute_result"
    }
   ],
   "source": [
    "cmb_cov=pd.DataFrame(np.linalg.inv(cmb_fisher.values),index=cmb_fisher.index,columns=cmb_fisher.columns)\n",
    "cmb_cov_marg=cmb_cov.drop('tau',axis=0)\n",
    "cmb_cov_marg=cmb_cov_marg.drop('tau',axis=1)\n",
    "cmb_fisher_marg=pd.DataFrame(np.linalg.inv(cmb_cov_marg),index=settings.var_name,columns=settings.var_name)\n",
    "cmb_fisher_marg"
   ]
  },
  {
   "cell_type": "markdown",
   "metadata": {},
   "source": [
    "# CMB-S4 + LiteBIRD + J-PAS multitracer + PFS ELG"
   ]
  },
  {
   "cell_type": "code",
   "execution_count": 9,
   "metadata": {},
   "outputs": [],
   "source": [
    "fisher1=pd.DataFrame(JPAS_multi_valid+PFS_ELG_valid,index=settings.var_name,columns=settings.var_name)\n",
    "fisher1.to_excel('../data/combined/pelg+jmul-w0wacdm-free.xlsx')\n",
    "cov1=pd.DataFrame(np.linalg.inv(fisher1.values),index=settings.var_name,columns=settings.var_name)"
   ]
  },
  {
   "cell_type": "code",
   "execution_count": 10,
   "metadata": {},
   "outputs": [
    {
     "data": {
      "application/vnd.microsoft.datawrangler.viewer.v0+json": {
       "columns": [
        {
         "name": "index",
         "rawType": "object",
         "type": "string"
        },
        {
         "name": "omega_m0",
         "rawType": "float64",
         "type": "float"
        },
        {
         "name": "omega_b0",
         "rawType": "float64",
         "type": "float"
        },
        {
         "name": "h",
         "rawType": "float64",
         "type": "float"
        },
        {
         "name": "n_s",
         "rawType": "float64",
         "type": "float"
        },
        {
         "name": "sigma_8",
         "rawType": "float64",
         "type": "float"
        },
        {
         "name": "m_nu",
         "rawType": "float64",
         "type": "float"
        },
        {
         "name": "N_eff",
         "rawType": "float64",
         "type": "float"
        },
        {
         "name": "w0",
         "rawType": "float64",
         "type": "float"
        },
        {
         "name": "wa",
         "rawType": "float64",
         "type": "float"
        }
       ],
       "conversionMethod": "pd.DataFrame",
       "ref": "972fdae4-e15b-4dd8-8f74-443238168383",
       "rows": [
        [
         "omega_m0",
         "7.836868376213992e-06",
         "7.686709524918121e-07",
         "-4.631102826317047e-06",
         "2.3772260403049748e-07",
         "-1.103667624176529e-05",
         "6.522672792434167e-05",
         "2.9480987931645398e-05",
         "7.999754280552371e-05",
         "-0.000330240959393683"
        ],
        [
         "omega_b0",
         "7.6867095249258e-07",
         "1.7491160045163514e-07",
         "-1.1549697466411731e-06",
         "-7.18408235035233e-08",
         "-1.2571194901238847e-06",
         "-2.3543458862391113e-06",
         "-2.3834430831530856e-06",
         "1.0573045151155596e-05",
         "-1.9057055246099837e-05"
        ],
        [
         "h",
         "-4.631102826334649e-06",
         "-1.154969746644064e-06",
         "8.114520208146332e-06",
         "9.441574524238264e-07",
         "8.238678204123139e-06",
         "1.858196483765442e-05",
         "3.4818190592397134e-05",
         "-6.275413136496981e-05",
         "0.00010389684304585247"
        ],
        [
         "n_s",
         "2.3772260404328061e-07",
         "-7.184082349849094e-08",
         "9.441574523852878e-07",
         "5.2176806219491605e-06",
         "4.6328928989344424e-07",
         "-8.084927005986939e-06",
         "5.659405608416024e-05",
         "3.2959907659642644e-05",
         "-6.503987891190059e-05"
        ],
        [
         "sigma_8",
         "-1.1036676241749102e-05",
         "-1.2571194901214027e-06",
         "8.238678204100653e-06",
         "4.6328928990795466e-07",
         "2.7291626266367494e-05",
         "-0.00014463784254049804",
         "5.4926139386601945e-06",
         "-0.00013408254635975228",
         "0.0006142468251801627"
        ],
        [
         "m_nu",
         "6.522672792405219e-05",
         "-2.3543458862794674e-06",
         "1.8581964837831785e-05",
         "-8.084927005673298e-06",
         "-0.00014463784254025784",
         "0.0018311308604666565",
         "0.0002870878702028251",
         "0.0004505727472409294",
         "-0.005032023349090051"
        ],
        [
         "N_eff",
         "2.9480987931767215e-05",
         "-2.3834430831566876e-06",
         "3.481819059236996e-05",
         "5.6594056084286114e-05",
         "5.492613938250079e-06",
         "0.0002870878702068273",
         "0.0013065401433253643",
         "0.0004885580489338108",
         "-0.0017879749161411192"
        ],
        [
         "w0",
         "7.999754280545728e-05",
         "1.0573045151153355e-05",
         "-6.275413136495878e-05",
         "3.295990765956251e-05",
         "-0.00013408254635993014",
         "0.0004505727472423947",
         "0.0004885580489297874",
         "0.001976314254526448",
         "-0.00690614373453754"
        ],
        [
         "wa",
         "-0.00033024095939230083",
         "-1.9057055245912043e-05",
         "0.00010389684304548643",
         "-6.50398789127427e-05",
         "0.0006142468251792549",
         "-0.00503202334908858",
         "-0.001787974916120195",
         "-0.006906143734527653",
         "0.032431936205950244"
        ]
       ],
       "shape": {
        "columns": 9,
        "rows": 9
       }
      },
      "text/html": [
       "<div>\n",
       "<style scoped>\n",
       "    .dataframe tbody tr th:only-of-type {\n",
       "        vertical-align: middle;\n",
       "    }\n",
       "\n",
       "    .dataframe tbody tr th {\n",
       "        vertical-align: top;\n",
       "    }\n",
       "\n",
       "    .dataframe thead th {\n",
       "        text-align: right;\n",
       "    }\n",
       "</style>\n",
       "<table border=\"1\" class=\"dataframe\">\n",
       "  <thead>\n",
       "    <tr style=\"text-align: right;\">\n",
       "      <th></th>\n",
       "      <th>omega_m0</th>\n",
       "      <th>omega_b0</th>\n",
       "      <th>h</th>\n",
       "      <th>n_s</th>\n",
       "      <th>sigma_8</th>\n",
       "      <th>m_nu</th>\n",
       "      <th>N_eff</th>\n",
       "      <th>w0</th>\n",
       "      <th>wa</th>\n",
       "    </tr>\n",
       "  </thead>\n",
       "  <tbody>\n",
       "    <tr>\n",
       "      <th>omega_m0</th>\n",
       "      <td>7.836868e-06</td>\n",
       "      <td>7.686710e-07</td>\n",
       "      <td>-4.631103e-06</td>\n",
       "      <td>2.377226e-07</td>\n",
       "      <td>-1.103668e-05</td>\n",
       "      <td>0.000065</td>\n",
       "      <td>0.000029</td>\n",
       "      <td>0.000080</td>\n",
       "      <td>-0.000330</td>\n",
       "    </tr>\n",
       "    <tr>\n",
       "      <th>omega_b0</th>\n",
       "      <td>7.686710e-07</td>\n",
       "      <td>1.749116e-07</td>\n",
       "      <td>-1.154970e-06</td>\n",
       "      <td>-7.184082e-08</td>\n",
       "      <td>-1.257119e-06</td>\n",
       "      <td>-0.000002</td>\n",
       "      <td>-0.000002</td>\n",
       "      <td>0.000011</td>\n",
       "      <td>-0.000019</td>\n",
       "    </tr>\n",
       "    <tr>\n",
       "      <th>h</th>\n",
       "      <td>-4.631103e-06</td>\n",
       "      <td>-1.154970e-06</td>\n",
       "      <td>8.114520e-06</td>\n",
       "      <td>9.441575e-07</td>\n",
       "      <td>8.238678e-06</td>\n",
       "      <td>0.000019</td>\n",
       "      <td>0.000035</td>\n",
       "      <td>-0.000063</td>\n",
       "      <td>0.000104</td>\n",
       "    </tr>\n",
       "    <tr>\n",
       "      <th>n_s</th>\n",
       "      <td>2.377226e-07</td>\n",
       "      <td>-7.184082e-08</td>\n",
       "      <td>9.441575e-07</td>\n",
       "      <td>5.217681e-06</td>\n",
       "      <td>4.632893e-07</td>\n",
       "      <td>-0.000008</td>\n",
       "      <td>0.000057</td>\n",
       "      <td>0.000033</td>\n",
       "      <td>-0.000065</td>\n",
       "    </tr>\n",
       "    <tr>\n",
       "      <th>sigma_8</th>\n",
       "      <td>-1.103668e-05</td>\n",
       "      <td>-1.257119e-06</td>\n",
       "      <td>8.238678e-06</td>\n",
       "      <td>4.632893e-07</td>\n",
       "      <td>2.729163e-05</td>\n",
       "      <td>-0.000145</td>\n",
       "      <td>0.000005</td>\n",
       "      <td>-0.000134</td>\n",
       "      <td>0.000614</td>\n",
       "    </tr>\n",
       "    <tr>\n",
       "      <th>m_nu</th>\n",
       "      <td>6.522673e-05</td>\n",
       "      <td>-2.354346e-06</td>\n",
       "      <td>1.858196e-05</td>\n",
       "      <td>-8.084927e-06</td>\n",
       "      <td>-1.446378e-04</td>\n",
       "      <td>0.001831</td>\n",
       "      <td>0.000287</td>\n",
       "      <td>0.000451</td>\n",
       "      <td>-0.005032</td>\n",
       "    </tr>\n",
       "    <tr>\n",
       "      <th>N_eff</th>\n",
       "      <td>2.948099e-05</td>\n",
       "      <td>-2.383443e-06</td>\n",
       "      <td>3.481819e-05</td>\n",
       "      <td>5.659406e-05</td>\n",
       "      <td>5.492614e-06</td>\n",
       "      <td>0.000287</td>\n",
       "      <td>0.001307</td>\n",
       "      <td>0.000489</td>\n",
       "      <td>-0.001788</td>\n",
       "    </tr>\n",
       "    <tr>\n",
       "      <th>w0</th>\n",
       "      <td>7.999754e-05</td>\n",
       "      <td>1.057305e-05</td>\n",
       "      <td>-6.275413e-05</td>\n",
       "      <td>3.295991e-05</td>\n",
       "      <td>-1.340825e-04</td>\n",
       "      <td>0.000451</td>\n",
       "      <td>0.000489</td>\n",
       "      <td>0.001976</td>\n",
       "      <td>-0.006906</td>\n",
       "    </tr>\n",
       "    <tr>\n",
       "      <th>wa</th>\n",
       "      <td>-3.302410e-04</td>\n",
       "      <td>-1.905706e-05</td>\n",
       "      <td>1.038968e-04</td>\n",
       "      <td>-6.503988e-05</td>\n",
       "      <td>6.142468e-04</td>\n",
       "      <td>-0.005032</td>\n",
       "      <td>-0.001788</td>\n",
       "      <td>-0.006906</td>\n",
       "      <td>0.032432</td>\n",
       "    </tr>\n",
       "  </tbody>\n",
       "</table>\n",
       "</div>"
      ],
      "text/plain": [
       "              omega_m0      omega_b0             h           n_s  \\\n",
       "omega_m0  7.836868e-06  7.686710e-07 -4.631103e-06  2.377226e-07   \n",
       "omega_b0  7.686710e-07  1.749116e-07 -1.154970e-06 -7.184082e-08   \n",
       "h        -4.631103e-06 -1.154970e-06  8.114520e-06  9.441575e-07   \n",
       "n_s       2.377226e-07 -7.184082e-08  9.441575e-07  5.217681e-06   \n",
       "sigma_8  -1.103668e-05 -1.257119e-06  8.238678e-06  4.632893e-07   \n",
       "m_nu      6.522673e-05 -2.354346e-06  1.858196e-05 -8.084927e-06   \n",
       "N_eff     2.948099e-05 -2.383443e-06  3.481819e-05  5.659406e-05   \n",
       "w0        7.999754e-05  1.057305e-05 -6.275413e-05  3.295991e-05   \n",
       "wa       -3.302410e-04 -1.905706e-05  1.038968e-04 -6.503988e-05   \n",
       "\n",
       "               sigma_8      m_nu     N_eff        w0        wa  \n",
       "omega_m0 -1.103668e-05  0.000065  0.000029  0.000080 -0.000330  \n",
       "omega_b0 -1.257119e-06 -0.000002 -0.000002  0.000011 -0.000019  \n",
       "h         8.238678e-06  0.000019  0.000035 -0.000063  0.000104  \n",
       "n_s       4.632893e-07 -0.000008  0.000057  0.000033 -0.000065  \n",
       "sigma_8   2.729163e-05 -0.000145  0.000005 -0.000134  0.000614  \n",
       "m_nu     -1.446378e-04  0.001831  0.000287  0.000451 -0.005032  \n",
       "N_eff     5.492614e-06  0.000287  0.001307  0.000489 -0.001788  \n",
       "w0       -1.340825e-04  0.000451  0.000489  0.001976 -0.006906  \n",
       "wa        6.142468e-04 -0.005032 -0.001788 -0.006906  0.032432  "
      ]
     },
     "execution_count": 10,
     "metadata": {},
     "output_type": "execute_result"
    }
   ],
   "source": [
    "fisher1_combined=fisher1+cmb_fisher_marg\n",
    "fisher1_combined.to_excel('../data/combined/cmb+pelg+jmul-w0wacdm-free.xlsx')\n",
    "cov1_combined=pd.DataFrame(np.linalg.inv(fisher1_combined),index=fisher1_combined.index,columns=fisher1_combined.columns)\n",
    "cov1_combined"
   ]
  },
  {
   "cell_type": "code",
   "execution_count": 11,
   "metadata": {},
   "outputs": [
    {
     "name": "stdout",
     "output_type": "stream",
     "text": [
      "1-sigma errors:\n",
      "-- omega_m0: 2.8e-03\n",
      "-- omega_b0: 4.2e-04\n",
      "--        h: 2.8e-03\n",
      "--      n_s: 2.3e-03\n",
      "--  sigma_8: 5.2e-03\n",
      "--     m_nu: 4.3e-02\n",
      "--    N_eff: 3.6e-02\n",
      "--       w0: 4.4e-02\n",
      "--       wa: 1.8e-01\n"
     ]
    }
   ],
